(kicad_pcb (version 20170922) (host pcbnew no-vcs-found-a562525~60~ubuntu16.04.1)

(general
  (thickness 1.6)
  (drawings 0)
  (tracks 277)
  (zones 0)
  (modules 59)
  (nets 107)
)

(page A4)
(layers
  (0 F.Cu signal)
  (31 B.Cu signal)
  (32 B.Adhes user)
  (33 F.Adhes user)
  (34 B.Paste user)
  (35 F.Paste user)
  (36 B.SilkS user)
  (37 F.SilkS user)
  (38 B.Mask user)
  (39 F.Mask user)
  (40 Dwgs.User user)
  (41 Cmts.User user)
  (42 Eco1.User user)
  (43 Eco2.User user)
  (44 Edge.Cuts user)
  (45 Margin user)
  (46 B.CrtYd user)
  (47 F.CrtYd user)
  (48 B.Fab user)
  (49 F.Fab user)
)


(setup
  (last_trace_width 0.1524)
  (trace_clearance 0.1524)
  (zone_clearance 0.508)
  (zone_45_only no)
  (trace_min 0.1524)
  (segment_width 0.2)
  (edge_width 0.1)
  (via_size 0.6858)
  (via_drill 0.3302)
  (via_min_size 0.6858)
  (via_min_drill 0.3302)
  (uvia_size 0.762)
  (uvia_drill 0.508)
  (uvias_allowed no)
  (uvia_min_size 0.2)
  (uvia_min_drill 0.1)
  (pcb_text_width 0.3)
  (pcb_text_size 1.5 1.5)
  (mod_edge_width 0.15)
  (mod_text_size 1 1)
  (mod_text_width 0.15)
  (pad_size 1.5 1.5)
  (pad_drill 0.6)
  (pad_to_mask_clearance 0)
  (aux_axis_origin 0 0)
  (visible_elements FFFFFF7F)
  (pcbplotparams
    (layerselection 0x00030_ffffffff)
    (usegerberextensions false)
    (usegerberattributes true)
    (usegerberadvancedattributes true)
    (creategerberjobfile true)
    (excludeedgelayer true)
    (linewidth 0.100000)
    (plotframeref false)
    (viasonmask false)
    (mode 1)
    (useauxorigin false)
    (hpglpennumber 1)
    (hpglpenspeed 20)
    (hpglpendiameter 15)
    (psnegative false)
    (psa4output false)
    (plotreference true)
    (plotvalue true)
    (plotinvisibletext false)
    (padsonsilk false)
    (subtractmaskfromsilk false)
    (outputformat 1)
    (mirror false)
    (drillshape 1)
    (scaleselection 1)
    (outputdirectory ""))
)

(net 0 "")
(net 1 +3V3)
(net 2 +1V8)
(net 3 "Net-(C9-Pad1)")
(net 4 /HP_A)
(net 5 /HP_B)
(net 6 "Net-(C10-Pad1)")
(net 7 "Net-(C13-Pad1)")
(net 8 "Net-(C15-Pad1)")
(net 9 "Net-(C15-Pad2)")
(net 10 "Net-(C18-Pad2)")
(net 11 "Net-(C20-Pad2)")
(net 12 "Net-(C22-Pad1)")
(net 13 "Net-(C24-Pad1)")
(net 14 "Net-(C26-Pad2)")
(net 15 "Net-(C27-Pad1)")
(net 16 "Net-(C28-Pad1)")
(net 17 "Net-(D1-Pad1)")
(net 18 "Net-(D2-Pad1)")
(net 19 /LED_Ok)
(net 20 /LED_Err)
(net 21 "Net-(D3-Pad1)")
(net 22 "Net-(D4-Pad1)")
(net 23 /LED_Act)
(net 24 "Net-(D5-Pad1)")
(net 25 "Net-(D6-Pad2)")
(net 26 /SPKR_HP)
(net 27 /JTMS)
(net 28 /JTCK)
(net 29 /JTDO)
(net 30 "Net-(J2-Pad7)")
(net 31 /JTDI)
(net 32 /RESET)
(net 33 "Net-(J3-Pad2)")
(net 34 /7SEG_SCL)
(net 35 /7SEG_SDA)
(net 36 /SPKR_A_NEG)
(net 37 /SPKR_A_POS)
(net 38 "Net-(R1-Pad2)")
(net 39 "Net-(R8-Pad1)")
(net 40 "Net-(R10-Pad2)")
(net 41 "Net-(SW1-Pad3)")
(net 42 /ENC_A)
(net 43 /ENC_B)
(net 44 /ENC_BUTTON)
(net 45 "Net-(U3-Pad17)")
(net 46 "Net-(U3-Pad18)")
(net 47 "Net-(U3-Pad8)")
(net 48 "Net-(U3-Pad7)")
(net 49 "Net-(U3-Pad20)")
(net 50 "Net-(U3-Pad5)")
(net 51 "Net-(U3-Pad2)")
(net 52 "Net-(U3-Pad3)")
(net 53 "Net-(U3-Pad4)")
(net 54 "Net-(U3-Pad9)")
(net 55 "Net-(U3-Pad10)")
(net 56 "Net-(U3-Pad11)")
(net 57 "Net-(U3-Pad12)")
(net 58 "Net-(U3-Pad15)")
(net 59 "Net-(U3-Pad16)")
(net 60 "Net-(U3-Pad21)")
(net 61 "Net-(U3-Pad22)")
(net 62 "Net-(U3-Pad23)")
(net 63 "Net-(U3-Pad24)")
(net 64 "Net-(U4-Pad2)")
(net 65 "Net-(U4-Pad3)")
(net 66 "Net-(U4-Pad4)")
(net 67 "Net-(U4-Pad5)")
(net 68 "Net-(U4-Pad6)")
(net 69 "Net-(U4-Pad10)")
(net 70 /DAC_WS)
(net 71 /DAC_RST)
(net 72 "Net-(U4-Pad16)")
(net 73 "Net-(U4-Pad17)")
(net 74 "Net-(U4-Pad18)")
(net 75 "Net-(U4-Pad19)")
(net 76 "Net-(U4-Pad20)")
(net 77 /DAC_MCK)
(net 78 /DAC_CK)
(net 79 "Net-(U4-Pad26)")
(net 80 "Net-(U4-Pad27)")
(net 81 "Net-(U4-Pad28)")
(net 82 "Net-(U4-Pad32)")
(net 83 "Net-(U4-Pad33)")
(net 84 /JTRST)
(net 85 /DAC_SD)
(net 86 "Net-(U4-Pad43)")
(net 87 "Net-(U4-Pad45)")
(net 88 "Net-(U5-Pad9)")
(net 89 "Net-(U5-Pad10)")
(net 90 "Net-(U5-Pad12)")
(net 91 "Net-(U6-Pad7)")
(net 92 "Net-(U6-Pad9)")
(net 93 "Net-(U6-Pad20)")
(net 94 "Net-(U6-Pad21)")
(net 95 "Net-(U6-Pad22)")
(net 96 "Net-(U6-Pad23)")
(net 97 "Net-(U6-Pad24)")
(net 98 "Net-(U6-Pad25)")
(net 99 "Net-(U6-Pad26)")
(net 100 "Net-(U6-Pad29)")
(net 101 "Net-(U6-Pad30)")
(net 102 "Net-(U6-Pad36)")
(net 103 "Net-(U7-Pad2)")
(net 104 "Net-(U7-Pad3)")
(net 105 "Net-(U7-Pad4)")
(net 106 GND)

(net_class Default "This is the default net class."
  (clearance 0.1524)
  (trace_width 0.1524)
  (via_dia 0.6858)
  (via_drill 0.3302)
  (uvia_dia 0.762)
  (uvia_drill 0.508)
  (add_net +1V8)
  (add_net +3V3)
  (add_net /7SEG_SCL)
  (add_net /7SEG_SDA)
  (add_net /DAC_CK)
  (add_net /DAC_MCK)
  (add_net /DAC_RST)
  (add_net /DAC_SD)
  (add_net /DAC_WS)
  (add_net /ENC_A)
  (add_net /ENC_B)
  (add_net /ENC_BUTTON)
  (add_net /HP_A)
  (add_net /HP_B)
  (add_net /JTCK)
  (add_net /JTDI)
  (add_net /JTDO)
  (add_net /JTMS)
  (add_net /JTRST)
  (add_net /LED_Act)
  (add_net /LED_Err)
  (add_net /LED_Ok)
  (add_net /RESET)
  (add_net /SPKR_A_NEG)
  (add_net /SPKR_A_POS)
  (add_net /SPKR_HP)
  (add_net GND)
  (add_net "Net-(C10-Pad1)")
  (add_net "Net-(C13-Pad1)")
  (add_net "Net-(C15-Pad1)")
  (add_net "Net-(C15-Pad2)")
  (add_net "Net-(C18-Pad2)")
  (add_net "Net-(C20-Pad2)")
  (add_net "Net-(C22-Pad1)")
  (add_net "Net-(C24-Pad1)")
  (add_net "Net-(C26-Pad2)")
  (add_net "Net-(C27-Pad1)")
  (add_net "Net-(C28-Pad1)")
  (add_net "Net-(C9-Pad1)")
  (add_net "Net-(D1-Pad1)")
  (add_net "Net-(D2-Pad1)")
  (add_net "Net-(D3-Pad1)")
  (add_net "Net-(D4-Pad1)")
  (add_net "Net-(D5-Pad1)")
  (add_net "Net-(D6-Pad2)")
  (add_net "Net-(J2-Pad7)")
  (add_net "Net-(J3-Pad2)")
  (add_net "Net-(R1-Pad2)")
  (add_net "Net-(R10-Pad2)")
  (add_net "Net-(R8-Pad1)")
  (add_net "Net-(SW1-Pad3)")
  (add_net "Net-(U3-Pad10)")
  (add_net "Net-(U3-Pad11)")
  (add_net "Net-(U3-Pad12)")
  (add_net "Net-(U3-Pad15)")
  (add_net "Net-(U3-Pad16)")
  (add_net "Net-(U3-Pad17)")
  (add_net "Net-(U3-Pad18)")
  (add_net "Net-(U3-Pad2)")
  (add_net "Net-(U3-Pad20)")
  (add_net "Net-(U3-Pad21)")
  (add_net "Net-(U3-Pad22)")
  (add_net "Net-(U3-Pad23)")
  (add_net "Net-(U3-Pad24)")
  (add_net "Net-(U3-Pad3)")
  (add_net "Net-(U3-Pad4)")
  (add_net "Net-(U3-Pad5)")
  (add_net "Net-(U3-Pad7)")
  (add_net "Net-(U3-Pad8)")
  (add_net "Net-(U3-Pad9)")
  (add_net "Net-(U4-Pad10)")
  (add_net "Net-(U4-Pad16)")
  (add_net "Net-(U4-Pad17)")
  (add_net "Net-(U4-Pad18)")
  (add_net "Net-(U4-Pad19)")
  (add_net "Net-(U4-Pad2)")
  (add_net "Net-(U4-Pad20)")
  (add_net "Net-(U4-Pad26)")
  (add_net "Net-(U4-Pad27)")
  (add_net "Net-(U4-Pad28)")
  (add_net "Net-(U4-Pad3)")
  (add_net "Net-(U4-Pad32)")
  (add_net "Net-(U4-Pad33)")
  (add_net "Net-(U4-Pad4)")
  (add_net "Net-(U4-Pad43)")
  (add_net "Net-(U4-Pad45)")
  (add_net "Net-(U4-Pad5)")
  (add_net "Net-(U4-Pad6)")
  (add_net "Net-(U5-Pad10)")
  (add_net "Net-(U5-Pad12)")
  (add_net "Net-(U5-Pad9)")
  (add_net "Net-(U6-Pad20)")
  (add_net "Net-(U6-Pad21)")
  (add_net "Net-(U6-Pad22)")
  (add_net "Net-(U6-Pad23)")
  (add_net "Net-(U6-Pad24)")
  (add_net "Net-(U6-Pad25)")
  (add_net "Net-(U6-Pad26)")
  (add_net "Net-(U6-Pad29)")
  (add_net "Net-(U6-Pad30)")
  (add_net "Net-(U6-Pad36)")
  (add_net "Net-(U6-Pad7)")
  (add_net "Net-(U6-Pad9)")
  (add_net "Net-(U7-Pad2)")
  (add_net "Net-(U7-Pad3)")
  (add_net "Net-(U7-Pad4)")
)

  (module Capacitors_SMD:C_0805_HandSoldering (layer F.Cu) (tedit 58AA84A8) (tstamp 59F67278)
    (at 113.284 128.524 180)
    (descr "Capacitor SMD 0805, hand soldering")
    (tags "capacitor 0805")
    (path /59E7BA94)
    (attr smd)
    (fp_text reference C23 (at 0 -1.75 180) (layer F.SilkS)
      (effects (font (size 1 1) (thickness 0.15)))
    )
    (fp_text value 1uF (at 0 1.75 180) (layer F.Fab)
      (effects (font (size 1 1) (thickness 0.15)))
    )
    (fp_line (start 2.25 0.87) (end -2.25 0.87) (layer F.CrtYd) (width 0.05))
    (fp_line (start 2.25 0.87) (end 2.25 -0.88) (layer F.CrtYd) (width 0.05))
    (fp_line (start -2.25 -0.88) (end -2.25 0.87) (layer F.CrtYd) (width 0.05))
    (fp_line (start -2.25 -0.88) (end 2.25 -0.88) (layer F.CrtYd) (width 0.05))
    (fp_line (start -0.5 0.85) (end 0.5 0.85) (layer F.SilkS) (width 0.12))
    (fp_line (start 0.5 -0.85) (end -0.5 -0.85) (layer F.SilkS) (width 0.12))
    (fp_line (start -1 -0.62) (end 1 -0.62) (layer F.Fab) (width 0.1))
    (fp_line (start 1 -0.62) (end 1 0.62) (layer F.Fab) (width 0.1))
    (fp_line (start 1 0.62) (end -1 0.62) (layer F.Fab) (width 0.1))
    (fp_line (start -1 0.62) (end -1 -0.62) (layer F.Fab) (width 0.1))
    (fp_text user %R (at 0 -1.75 180) (layer F.Fab)
      (effects (font (size 1 1) (thickness 0.15)))
    )
    (pad 2 smd rect (at 1.25 0 180) (size 1.5 1.25) (layers F.Cu F.Paste F.Mask)
      (net 106 GND))
    (pad 1 smd rect (at -1.25 0 180) (size 1.5 1.25) (layers F.Cu F.Paste F.Mask)
      (net 2 +1V8))
    (model Capacitors_SMD.3dshapes/C_0805.wrl
      (at (xyz 0 0 0))
      (scale (xyz 1 1 1))
      (rotate (xyz 0 0 0))
    )
  )

  (module Capacitors_SMD:C_0805_HandSoldering (layer F.Cu) (tedit 58AA84A8) (tstamp 59F67245)
    (at 117.856 134.62 180)
    (descr "Capacitor SMD 0805, hand soldering")
    (tags "capacitor 0805")
    (path /59E82AEA)
    (attr smd)
    (fp_text reference C20 (at 0 -1.75 180) (layer F.SilkS)
      (effects (font (size 1 1) (thickness 0.15)))
    )
    (fp_text value 150pF (at 0 1.75 180) (layer F.Fab)
      (effects (font (size 1 1) (thickness 0.15)))
    )
    (fp_line (start 2.25 0.87) (end -2.25 0.87) (layer F.CrtYd) (width 0.05))
    (fp_line (start 2.25 0.87) (end 2.25 -0.88) (layer F.CrtYd) (width 0.05))
    (fp_line (start -2.25 -0.88) (end -2.25 0.87) (layer F.CrtYd) (width 0.05))
    (fp_line (start -2.25 -0.88) (end 2.25 -0.88) (layer F.CrtYd) (width 0.05))
    (fp_line (start -0.5 0.85) (end 0.5 0.85) (layer F.SilkS) (width 0.12))
    (fp_line (start 0.5 -0.85) (end -0.5 -0.85) (layer F.SilkS) (width 0.12))
    (fp_line (start -1 -0.62) (end 1 -0.62) (layer F.Fab) (width 0.1))
    (fp_line (start 1 -0.62) (end 1 0.62) (layer F.Fab) (width 0.1))
    (fp_line (start 1 0.62) (end -1 0.62) (layer F.Fab) (width 0.1))
    (fp_line (start -1 0.62) (end -1 -0.62) (layer F.Fab) (width 0.1))
    (fp_text user %R (at 0 -1.75 180) (layer F.Fab)
      (effects (font (size 1 1) (thickness 0.15)))
    )
    (pad 2 smd rect (at 1.25 0 180) (size 1.5 1.25) (layers F.Cu F.Paste F.Mask)
      (net 11 "Net-(C20-Pad2)"))
    (pad 1 smd rect (at -1.25 0 180) (size 1.5 1.25) (layers F.Cu F.Paste F.Mask)
      (net 106 GND))
    (model Capacitors_SMD.3dshapes/C_0805.wrl
      (at (xyz 0 0 0))
      (scale (xyz 1 1 1))
      (rotate (xyz 0 0 0))
    )
  )

  (module nome:LTC-4727 (layer F.Cu) (tedit 59ECF146) (tstamp 59F67550)
    (at 68.58 83.312)
    (path /59EC78C2)
    (fp_text reference U5 (at -8.89 -7.62) (layer F.SilkS)
      (effects (font (size 1 1) (thickness 0.15)))
    )
    (fp_text value LTC-4727JS (at -16.51 -7.62) (layer F.Fab)
      (effects (font (size 1 1) (thickness 0.15)))
    )
    (fp_circle (center 18.161 3.683) (end 18.415 4.064) (layer F.SilkS) (width 0.15))
    (fp_circle (center 8.128 3.683) (end 8.382 4.064) (layer F.SilkS) (width 0.15))
    (fp_circle (center -12.319 3.81) (end -12.065 4.191) (layer F.SilkS) (width 0.15))
    (fp_circle (center -2.159 3.683) (end -1.905 4.064) (layer F.SilkS) (width 0.15))
    (fp_circle (center -0.635 2.032) (end -0.254 2.286) (layer F.SilkS) (width 0.15))
    (fp_circle (center 0.508 -1.905) (end 0.889 -1.651) (layer F.SilkS) (width 0.15))
    (fp_line (start 12.7 0) (end 13.97 -3.81) (layer F.SilkS) (width 0.9))
    (fp_line (start 13.97 -3.81) (end 19.05 -3.81) (layer F.SilkS) (width 0.9))
    (fp_line (start 19.05 -3.81) (end 17.78 0) (layer F.SilkS) (width 0.9))
    (fp_line (start 11.43 3.81) (end 12.7 0) (layer F.SilkS) (width 0.9))
    (fp_line (start 12.7 0) (end 17.78 0) (layer F.SilkS) (width 0.9))
    (fp_line (start 17.78 0) (end 16.51 3.81) (layer F.SilkS) (width 0.9))
    (fp_line (start 16.51 3.81) (end 11.43 3.81) (layer F.SilkS) (width 0.9))
    (fp_line (start 2.54 0) (end 3.81 -3.81) (layer F.SilkS) (width 0.9))
    (fp_line (start 3.81 -3.81) (end 8.89 -3.81) (layer F.SilkS) (width 0.9))
    (fp_line (start 8.89 -3.81) (end 7.62 0) (layer F.SilkS) (width 0.9))
    (fp_line (start 2.54 0) (end 7.62 0) (layer F.SilkS) (width 0.9))
    (fp_line (start 7.62 0) (end 6.35 3.81) (layer F.SilkS) (width 0.9))
    (fp_line (start 6.35 3.81) (end 1.27 3.81) (layer F.SilkS) (width 0.9))
    (fp_line (start 1.27 3.81) (end 2.54 0) (layer F.SilkS) (width 0.9))
    (fp_line (start -17.78 0) (end -12.7 0) (layer F.SilkS) (width 0.9))
    (fp_line (start -12.7 0) (end -13.97 3.81) (layer F.SilkS) (width 0.9))
    (fp_line (start -13.97 3.81) (end -19.05 3.81) (layer F.SilkS) (width 0.9))
    (fp_line (start -19.05 3.81) (end -17.78 0) (layer F.SilkS) (width 0.9))
    (fp_line (start -16.51 -3.81) (end -11.43 -3.81) (layer F.SilkS) (width 0.9))
    (fp_line (start -11.43 -3.81) (end -12.7 0) (layer F.SilkS) (width 0.9))
    (fp_line (start -12.7 0) (end -17.78 0) (layer F.SilkS) (width 0.9))
    (fp_line (start -17.78 0) (end -16.51 -3.81) (layer F.SilkS) (width 0.9))
    (fp_line (start -6.35 -3.81) (end -7.62 0) (layer F.SilkS) (width 0.9))
    (fp_line (start -7.62 0) (end -2.54 0) (layer F.SilkS) (width 0.9))
    (fp_line (start -2.54 0) (end -1.27 -3.81) (layer F.SilkS) (width 0.9))
    (fp_line (start -3.81 3.81) (end -2.54 0) (layer F.SilkS) (width 0.9))
    (fp_line (start -2.54 0) (end -7.62 0) (layer F.SilkS) (width 0.9))
    (fp_line (start -7.62 0) (end -8.89 3.81) (layer F.SilkS) (width 0.9))
    (fp_line (start -6.35 -3.81) (end -1.27 -3.81) (layer F.SilkS) (width 0.9))
    (fp_line (start -8.89 3.81) (end -3.81 3.81) (layer F.SilkS) (width 0.9))
    (fp_line (start 0 -6.35) (end -20.09 -6.35) (layer F.SilkS) (width 0.15))
    (fp_line (start -20.09 -6.35) (end -20.09 6.35) (layer F.SilkS) (width 0.15))
    (fp_line (start -20.09 6.35) (end 20.09 6.35) (layer F.SilkS) (width 0.15))
    (fp_line (start 20.09 6.35) (end 20.09 -6.35) (layer F.SilkS) (width 0.15))
    (fp_line (start 20.09 -6.35) (end 0 -6.35) (layer F.SilkS) (width 0.15))
    (pad 1 thru_hole circle (at -8.89 5.08) (size 1.524 1.524) (drill 0.5) (layers *.Cu *.Mask)
      (net 51 "Net-(U3-Pad2)"))
    (pad 2 thru_hole circle (at -6.35 5.08) (size 1.524 1.524) (drill 0.5) (layers *.Cu *.Mask)
      (net 52 "Net-(U3-Pad3)"))
    (pad 3 thru_hole circle (at -3.81 5.08) (size 1.524 1.524) (drill 0.5) (layers *.Cu *.Mask)
      (net 62 "Net-(U3-Pad23)"))
    (pad 4 thru_hole circle (at -1.27 5.08) (size 1.524 1.524) (drill 0.5) (layers *.Cu *.Mask)
      (net 53 "Net-(U3-Pad4)"))
    (pad 5 thru_hole circle (at 1.27 5.08) (size 1.524 1.524) (drill 0.5) (layers *.Cu *.Mask)
      (net 60 "Net-(U3-Pad21)"))
    (pad 6 thru_hole circle (at 3.81 5.08) (size 1.524 1.524) (drill 0.5) (layers *.Cu *.Mask)
      (net 50 "Net-(U3-Pad5)"))
    (pad 7 thru_hole circle (at 6.35 5.08) (size 1.524 1.524) (drill 0.5) (layers *.Cu *.Mask)
      (net 61 "Net-(U3-Pad22)"))
    (pad 8 thru_hole circle (at 8.89 5.08) (size 1.524 1.524) (drill 0.5) (layers *.Cu *.Mask)
      (net 48 "Net-(U3-Pad7)"))
    (pad 9 thru_hole circle (at 8.89 -5.08) (size 1.524 1.524) (drill 0.5) (layers *.Cu *.Mask)
      (net 88 "Net-(U5-Pad9)"))
    (pad 10 thru_hole circle (at 6.35 -5.08) (size 1.524 1.524) (drill 0.5) (layers *.Cu *.Mask)
      (net 89 "Net-(U5-Pad10)"))
    (pad 11 thru_hole circle (at 3.81 -5.08) (size 1.524 1.524) (drill 0.5) (layers *.Cu *.Mask)
      (net 59 "Net-(U3-Pad16)"))
    (pad 12 thru_hole circle (at 1.27 -5.08) (size 1.524 1.524) (drill 0.5) (layers *.Cu *.Mask)
      (net 90 "Net-(U5-Pad12)"))
    (pad 13 thru_hole circle (at -1.27 -5.08) (size 1.524 1.524) (drill 0.5) (layers *.Cu *.Mask)
      (net 49 "Net-(U3-Pad20)"))
    (pad 14 thru_hole circle (at -3.81 -5.08) (size 1.524 1.524) (drill 0.5) (layers *.Cu *.Mask)
      (net 58 "Net-(U3-Pad15)"))
    (pad 15 thru_hole circle (at -6.35 -5.08) (size 1.524 1.524) (drill 0.5) (layers *.Cu *.Mask)
      (net 46 "Net-(U3-Pad18)"))
    (pad 16 thru_hole circle (at -8.89 -5.08) (size 1.524 1.524) (drill 0.5) (layers *.Cu *.Mask)
      (net 45 "Net-(U3-Pad17)"))
  )

  (module Housings_SSOP:QSOP-24_3.9x8.7mm_Pitch0.635mm (layer F.Cu) (tedit 58C99544) (tstamp 59F674CC)
    (at 94.996 83.82 180)
    (descr "24-Lead Plastic Shrink Small Outline Narrow Body (QR)-.150\" Body [QSOP] (see Microchip Packaging Specification 00000049CH.pdf)")
    (tags "QSOP 0.635")
    (path /59EC3D68)
    (attr smd)
    (fp_text reference U3 (at 0 -5.25 180) (layer F.SilkS)
      (effects (font (size 1 1) (thickness 0.15)))
    )
    (fp_text value AS1115 (at 0 5.3 180) (layer F.Fab)
      (effects (font (size 1 1) (thickness 0.15)))
    )
    (fp_text user %R (at 0 0 180) (layer F.Fab)
      (effects (font (size 0.8 0.8) (thickness 0.08)))
    )
    (fp_line (start -0.95 -4.35) (end 1.95 -4.35) (layer F.Fab) (width 0.1))
    (fp_line (start 1.95 -4.35) (end 1.95 4.35) (layer F.Fab) (width 0.1))
    (fp_line (start 1.95 4.35) (end -1.95 4.35) (layer F.Fab) (width 0.1))
    (fp_line (start -1.95 4.35) (end -1.95 -3.35) (layer F.Fab) (width 0.1))
    (fp_line (start -1.95 -3.35) (end -0.95 -4.35) (layer F.Fab) (width 0.1))
    (fp_line (start -3.71 -4.6) (end -3.71 4.6) (layer F.CrtYd) (width 0.05))
    (fp_line (start 3.7 -4.6) (end 3.7 4.6) (layer F.CrtYd) (width 0.05))
    (fp_line (start -3.71 -4.6) (end 3.7 -4.6) (layer F.CrtYd) (width 0.05))
    (fp_line (start -3.71 4.6) (end 3.7 4.6) (layer F.CrtYd) (width 0.05))
    (fp_line (start -1.8543 4.475) (end 1.8543 4.475) (layer F.SilkS) (width 0.12))
    (fp_line (start -3.525 -4.475) (end 1.8586 -4.475) (layer F.SilkS) (width 0.12))
    (pad 17 smd rect (at 2.6543 0.9525 180) (size 1.6 0.41) (layers F.Cu F.Paste F.Mask)
      (net 45 "Net-(U3-Pad17)"))
    (pad 18 smd rect (at 2.6543 0.3175 180) (size 1.6 0.41) (layers F.Cu F.Paste F.Mask)
      (net 46 "Net-(U3-Pad18)"))
    (pad 8 smd rect (at -2.6543 0.9525 180) (size 1.6 0.41) (layers F.Cu F.Paste F.Mask)
      (net 47 "Net-(U3-Pad8)"))
    (pad 7 smd rect (at -2.6543 0.3175 180) (size 1.6 0.41) (layers F.Cu F.Paste F.Mask)
      (net 48 "Net-(U3-Pad7)"))
    (pad 20 smd rect (at 2.6543 -0.9525 180) (size 1.6 0.41) (layers F.Cu F.Paste F.Mask)
      (net 49 "Net-(U3-Pad20)"))
    (pad 19 smd rect (at 2.6543 -0.3175 180) (size 1.6 0.41) (layers F.Cu F.Paste F.Mask)
      (net 1 +3V3))
    (pad 6 smd rect (at -2.6543 -0.3175 180) (size 1.6 0.41) (layers F.Cu F.Paste F.Mask)
      (net 106 GND))
    (pad 5 smd rect (at -2.6543 -0.9525 180) (size 1.6 0.41) (layers F.Cu F.Paste F.Mask)
      (net 50 "Net-(U3-Pad5)"))
    (pad 1 smd rect (at -2.6543 -3.4925 180) (size 1.6 0.41) (layers F.Cu F.Paste F.Mask)
      (net 35 /7SEG_SDA))
    (pad 2 smd rect (at -2.6543 -2.8575 180) (size 1.6 0.41) (layers F.Cu F.Paste F.Mask)
      (net 51 "Net-(U3-Pad2)"))
    (pad 3 smd rect (at -2.6543 -2.2225 180) (size 1.6 0.41) (layers F.Cu F.Paste F.Mask)
      (net 52 "Net-(U3-Pad3)"))
    (pad 4 smd rect (at -2.6543 -1.5875 180) (size 1.6 0.41) (layers F.Cu F.Paste F.Mask)
      (net 53 "Net-(U3-Pad4)"))
    (pad 9 smd rect (at -2.6543 1.5875 180) (size 1.6 0.41) (layers F.Cu F.Paste F.Mask)
      (net 54 "Net-(U3-Pad9)"))
    (pad 10 smd rect (at -2.6543 2.2225 180) (size 1.6 0.41) (layers F.Cu F.Paste F.Mask)
      (net 55 "Net-(U3-Pad10)"))
    (pad 11 smd rect (at -2.6543 2.8575 180) (size 1.6 0.41) (layers F.Cu F.Paste F.Mask)
      (net 56 "Net-(U3-Pad11)"))
    (pad 12 smd rect (at -2.6543 3.4925 180) (size 1.6 0.41) (layers F.Cu F.Paste F.Mask)
      (net 57 "Net-(U3-Pad12)"))
    (pad 13 smd rect (at 2.6543 3.4925 180) (size 1.6 0.41) (layers F.Cu F.Paste F.Mask)
      (net 38 "Net-(R1-Pad2)"))
    (pad 14 smd rect (at 2.6543 2.8575 180) (size 1.6 0.41) (layers F.Cu F.Paste F.Mask)
      (net 34 /7SEG_SCL))
    (pad 15 smd rect (at 2.6543 2.2225 180) (size 1.6 0.41) (layers F.Cu F.Paste F.Mask)
      (net 58 "Net-(U3-Pad15)"))
    (pad 16 smd rect (at 2.6543 1.5875 180) (size 1.6 0.41) (layers F.Cu F.Paste F.Mask)
      (net 59 "Net-(U3-Pad16)"))
    (pad 21 smd rect (at 2.6543 -1.5875 180) (size 1.6 0.41) (layers F.Cu F.Paste F.Mask)
      (net 60 "Net-(U3-Pad21)"))
    (pad 22 smd rect (at 2.6543 -2.2225 180) (size 1.6 0.41) (layers F.Cu F.Paste F.Mask)
      (net 61 "Net-(U3-Pad22)"))
    (pad 23 smd rect (at 2.6543 -2.8575 180) (size 1.6 0.41) (layers F.Cu F.Paste F.Mask)
      (net 62 "Net-(U3-Pad23)"))
    (pad 24 smd rect (at 2.6543 -3.4925 180) (size 1.6 0.41) (layers F.Cu F.Paste F.Mask)
      (net 63 "Net-(U3-Pad24)"))
    (model ${KISYS3DMOD}/Housings_SSOP.3dshapes/QSOP-24_3.9x8.7mm_Pitch0.635mm.wrl
      (at (xyz 0 0 0))
      (scale (xyz 1 1 1))
      (rotate (xyz 0 0 0))
    )
  )

  (module Capacitors_SMD:C_0805_HandSoldering (layer F.Cu) (tedit 58AA84A8) (tstamp 59F67102)
    (at 87.884 73.66 90)
    (descr "Capacitor SMD 0805, hand soldering")
    (tags "capacitor 0805")
    (path /59EC7FF1)
    (attr smd)
    (fp_text reference C1 (at 0 -1.75 90) (layer F.SilkS)
      (effects (font (size 1 1) (thickness 0.15)))
    )
    (fp_text value 0.1uF (at 0 1.75 90) (layer F.Fab)
      (effects (font (size 1 1) (thickness 0.15)))
    )
    (fp_line (start 2.25 0.87) (end -2.25 0.87) (layer F.CrtYd) (width 0.05))
    (fp_line (start 2.25 0.87) (end 2.25 -0.88) (layer F.CrtYd) (width 0.05))
    (fp_line (start -2.25 -0.88) (end -2.25 0.87) (layer F.CrtYd) (width 0.05))
    (fp_line (start -2.25 -0.88) (end 2.25 -0.88) (layer F.CrtYd) (width 0.05))
    (fp_line (start -0.5 0.85) (end 0.5 0.85) (layer F.SilkS) (width 0.12))
    (fp_line (start 0.5 -0.85) (end -0.5 -0.85) (layer F.SilkS) (width 0.12))
    (fp_line (start -1 -0.62) (end 1 -0.62) (layer F.Fab) (width 0.1))
    (fp_line (start 1 -0.62) (end 1 0.62) (layer F.Fab) (width 0.1))
    (fp_line (start 1 0.62) (end -1 0.62) (layer F.Fab) (width 0.1))
    (fp_line (start -1 0.62) (end -1 -0.62) (layer F.Fab) (width 0.1))
    (fp_text user %R (at 0 -1.75 90) (layer F.Fab)
      (effects (font (size 1 1) (thickness 0.15)))
    )
    (pad 2 smd rect (at 1.25 0 90) (size 1.5 1.25) (layers F.Cu F.Paste F.Mask)
      (net 106 GND))
    (pad 1 smd rect (at -1.25 0 90) (size 1.5 1.25) (layers F.Cu F.Paste F.Mask)
      (net 1 +3V3))
    (model Capacitors_SMD.3dshapes/C_0805.wrl
      (at (xyz 0 0 0))
      (scale (xyz 1 1 1))
      (rotate (xyz 0 0 0))
    )
  )

  (module Capacitors_SMD:C_0805_HandSoldering (layer F.Cu) (tedit 59F00E1C) (tstamp 59F67146)
    (at 88.392 97.536)
    (descr "Capacitor SMD 0805, hand soldering")
    (tags "capacitor 0805")
    (path /59E78528)
    (attr smd)
    (fp_text reference C5 (at 0 -1.75) (layer F.SilkS)
      (effects (font (size 1 1) (thickness 0.15)))
    )
    (fp_text value 4.7uF (at 0 1.75) (layer F.Fab)
      (effects (font (size 1 1) (thickness 0.15)))
    )
    (fp_text user %R (at 0 -1.75) (layer F.Fab)
      (effects (font (size 1 1) (thickness 0.15)))
    )
    (fp_line (start -1 0.62) (end -1 -0.62) (layer F.Fab) (width 0.1))
    (fp_line (start 1 0.62) (end -1 0.62) (layer F.Fab) (width 0.1))
    (fp_line (start 1 -0.62) (end 1 0.62) (layer F.Fab) (width 0.1))
    (fp_line (start -1 -0.62) (end 1 -0.62) (layer F.Fab) (width 0.1))
    (fp_line (start 0.5 -0.85) (end -0.5 -0.85) (layer F.SilkS) (width 0.12))
    (fp_line (start -0.5 0.85) (end 0.5 0.85) (layer F.SilkS) (width 0.12))
    (fp_line (start -2.25 -0.88) (end 2.25 -0.88) (layer F.CrtYd) (width 0.05))
    (fp_line (start -2.25 -0.88) (end -2.25 0.87) (layer F.CrtYd) (width 0.05))
    (fp_line (start 2.25 0.87) (end 2.25 -0.88) (layer F.CrtYd) (width 0.05))
    (fp_line (start 2.25 0.87) (end -2.25 0.87) (layer F.CrtYd) (width 0.05))
    (pad 1 smd rect (at -1.25 0) (size 1.5 1.25) (layers F.Cu F.Paste F.Mask)
      (net 1 +3V3))
    (pad 2 smd rect (at 1.25 0) (size 1.5 1.25) (layers F.Cu F.Paste F.Mask)
      (net 106 GND))
    (model Capacitors_SMD.3dshapes/C_0805.wrl
      (at (xyz 0 0 0))
      (scale (xyz 1 1 1))
      (rotate (xyz 0 0 0))
    )
  )

  (module Capacitors_SMD:C_0805_HandSoldering (layer F.Cu) (tedit 58AA84A8) (tstamp 59F67157)
    (at 100.584 116.332 270)
    (descr "Capacitor SMD 0805, hand soldering")
    (tags "capacitor 0805")
    (path /59E787C7)
    (attr smd)
    (fp_text reference C6 (at 0 -1.75 270) (layer F.SilkS)
      (effects (font (size 1 1) (thickness 0.15)))
    )
    (fp_text value 0.1uF (at 0 1.75 270) (layer F.Fab)
      (effects (font (size 1 1) (thickness 0.15)))
    )
    (fp_text user %R (at 0 -1.75 270) (layer F.Fab)
      (effects (font (size 1 1) (thickness 0.15)))
    )
    (fp_line (start -1 0.62) (end -1 -0.62) (layer F.Fab) (width 0.1))
    (fp_line (start 1 0.62) (end -1 0.62) (layer F.Fab) (width 0.1))
    (fp_line (start 1 -0.62) (end 1 0.62) (layer F.Fab) (width 0.1))
    (fp_line (start -1 -0.62) (end 1 -0.62) (layer F.Fab) (width 0.1))
    (fp_line (start 0.5 -0.85) (end -0.5 -0.85) (layer F.SilkS) (width 0.12))
    (fp_line (start -0.5 0.85) (end 0.5 0.85) (layer F.SilkS) (width 0.12))
    (fp_line (start -2.25 -0.88) (end 2.25 -0.88) (layer F.CrtYd) (width 0.05))
    (fp_line (start -2.25 -0.88) (end -2.25 0.87) (layer F.CrtYd) (width 0.05))
    (fp_line (start 2.25 0.87) (end 2.25 -0.88) (layer F.CrtYd) (width 0.05))
    (fp_line (start 2.25 0.87) (end -2.25 0.87) (layer F.CrtYd) (width 0.05))
    (pad 1 smd rect (at -1.25 0 270) (size 1.5 1.25) (layers F.Cu F.Paste F.Mask)
      (net 1 +3V3))
    (pad 2 smd rect (at 1.25 0 270) (size 1.5 1.25) (layers F.Cu F.Paste F.Mask)
      (net 106 GND))
    (model Capacitors_SMD.3dshapes/C_0805.wrl
      (at (xyz 0 0 0))
      (scale (xyz 1 1 1))
      (rotate (xyz 0 0 0))
    )
  )

  (module Capacitors_SMD:C_0805_HandSoldering (layer F.Cu) (tedit 59F00E73) (tstamp 59F67168)
    (at 101.092 101.6 270)
    (descr "Capacitor SMD 0805, hand soldering")
    (tags "capacitor 0805")
    (path /59E789E3)
    (attr smd)
    (fp_text reference C7 (at 0 -1.75 270) (layer F.SilkS)
      (effects (font (size 1 1) (thickness 0.15)))
    )
    (fp_text value 0.1uF (at 0 1.75 270) (layer F.Fab)
      (effects (font (size 1 1) (thickness 0.15)))
    )
    (fp_line (start 2.25 0.87) (end -2.25 0.87) (layer F.CrtYd) (width 0.05))
    (fp_line (start 2.25 0.87) (end 2.25 -0.88) (layer F.CrtYd) (width 0.05))
    (fp_line (start -2.25 -0.88) (end -2.25 0.87) (layer F.CrtYd) (width 0.05))
    (fp_line (start -2.25 -0.88) (end 2.25 -0.88) (layer F.CrtYd) (width 0.05))
    (fp_line (start -0.5 0.85) (end 0.5 0.85) (layer F.SilkS) (width 0.12))
    (fp_line (start 0.5 -0.85) (end -0.5 -0.85) (layer F.SilkS) (width 0.12))
    (fp_line (start -1 -0.62) (end 1 -0.62) (layer F.Fab) (width 0.1))
    (fp_line (start 1 -0.62) (end 1 0.62) (layer F.Fab) (width 0.1))
    (fp_line (start 1 0.62) (end -1 0.62) (layer F.Fab) (width 0.1))
    (fp_line (start -1 0.62) (end -1 -0.62) (layer F.Fab) (width 0.1))
    (fp_text user %R (at 0 -1.75 270) (layer F.Fab)
      (effects (font (size 1 1) (thickness 0.15)))
    )
    (pad 2 smd rect (at 1.25 0 270) (size 1.5 1.25) (layers F.Cu F.Paste F.Mask)
      (net 106 GND))
    (pad 1 smd rect (at -1.25 0 270) (size 1.5 1.25) (layers F.Cu F.Paste F.Mask)
      (net 1 +3V3))
    (model Capacitors_SMD.3dshapes/C_0805.wrl
      (at (xyz 0 0 0))
      (scale (xyz 1 1 1))
      (rotate (xyz 0 0 0))
    )
  )

  (module Capacitors_SMD:C_0805_HandSoldering (layer F.Cu) (tedit 58AA84A8) (tstamp 59F67179)
    (at 92.964 131.572 90)
    (descr "Capacitor SMD 0805, hand soldering")
    (tags "capacitor 0805")
    (path /59E7CECD)
    (attr smd)
    (fp_text reference C8 (at 0 -1.75 90) (layer F.SilkS)
      (effects (font (size 1 1) (thickness 0.15)))
    )
    (fp_text value 10uF (at 0 1.75 90) (layer F.Fab)
      (effects (font (size 1 1) (thickness 0.15)))
    )
    (fp_line (start 2.25 0.87) (end -2.25 0.87) (layer F.CrtYd) (width 0.05))
    (fp_line (start 2.25 0.87) (end 2.25 -0.88) (layer F.CrtYd) (width 0.05))
    (fp_line (start -2.25 -0.88) (end -2.25 0.87) (layer F.CrtYd) (width 0.05))
    (fp_line (start -2.25 -0.88) (end 2.25 -0.88) (layer F.CrtYd) (width 0.05))
    (fp_line (start -0.5 0.85) (end 0.5 0.85) (layer F.SilkS) (width 0.12))
    (fp_line (start 0.5 -0.85) (end -0.5 -0.85) (layer F.SilkS) (width 0.12))
    (fp_line (start -1 -0.62) (end 1 -0.62) (layer F.Fab) (width 0.1))
    (fp_line (start 1 -0.62) (end 1 0.62) (layer F.Fab) (width 0.1))
    (fp_line (start 1 0.62) (end -1 0.62) (layer F.Fab) (width 0.1))
    (fp_line (start -1 0.62) (end -1 -0.62) (layer F.Fab) (width 0.1))
    (fp_text user %R (at 0 -1.75 90) (layer F.Fab)
      (effects (font (size 1 1) (thickness 0.15)))
    )
    (pad 2 smd rect (at 1.25 0 90) (size 1.5 1.25) (layers F.Cu F.Paste F.Mask)
      (net 106 GND))
    (pad 1 smd rect (at -1.25 0 90) (size 1.5 1.25) (layers F.Cu F.Paste F.Mask)
      (net 2 +1V8))
    (model Capacitors_SMD.3dshapes/C_0805.wrl
      (at (xyz 0 0 0))
      (scale (xyz 1 1 1))
      (rotate (xyz 0 0 0))
    )
  )

  (module Capacitors_SMD:C_0805_HandSoldering (layer F.Cu) (tedit 58AA84A8) (tstamp 59F6718A)
    (at 93.472 148.844)
    (descr "Capacitor SMD 0805, hand soldering")
    (tags "capacitor 0805")
    (path /59E96545)
    (attr smd)
    (fp_text reference C9 (at 0 -1.75) (layer F.SilkS)
      (effects (font (size 1 1) (thickness 0.15)))
    )
    (fp_text value 0.022uF (at 0 1.75) (layer F.Fab)
      (effects (font (size 1 1) (thickness 0.15)))
    )
    (fp_text user %R (at 0 -1.75) (layer F.Fab)
      (effects (font (size 1 1) (thickness 0.15)))
    )
    (fp_line (start -1 0.62) (end -1 -0.62) (layer F.Fab) (width 0.1))
    (fp_line (start 1 0.62) (end -1 0.62) (layer F.Fab) (width 0.1))
    (fp_line (start 1 -0.62) (end 1 0.62) (layer F.Fab) (width 0.1))
    (fp_line (start -1 -0.62) (end 1 -0.62) (layer F.Fab) (width 0.1))
    (fp_line (start 0.5 -0.85) (end -0.5 -0.85) (layer F.SilkS) (width 0.12))
    (fp_line (start -0.5 0.85) (end 0.5 0.85) (layer F.SilkS) (width 0.12))
    (fp_line (start -2.25 -0.88) (end 2.25 -0.88) (layer F.CrtYd) (width 0.05))
    (fp_line (start -2.25 -0.88) (end -2.25 0.87) (layer F.CrtYd) (width 0.05))
    (fp_line (start 2.25 0.87) (end 2.25 -0.88) (layer F.CrtYd) (width 0.05))
    (fp_line (start 2.25 0.87) (end -2.25 0.87) (layer F.CrtYd) (width 0.05))
    (pad 1 smd rect (at -1.25 0) (size 1.5 1.25) (layers F.Cu F.Paste F.Mask)
      (net 3 "Net-(C9-Pad1)"))
    (pad 2 smd rect (at 1.25 0) (size 1.5 1.25) (layers F.Cu F.Paste F.Mask)
      (net 4 /HP_A))
    (model Capacitors_SMD.3dshapes/C_0805.wrl
      (at (xyz 0 0 0))
      (scale (xyz 1 1 1))
      (rotate (xyz 0 0 0))
    )
  )

  (module Capacitors_SMD:C_0805_HandSoldering (layer F.Cu) (tedit 58AA84A8) (tstamp 59F6719B)
    (at 87.884 131.064 180)
    (descr "Capacitor SMD 0805, hand soldering")
    (tags "capacitor 0805")
    (path /59E96D04)
    (attr smd)
    (fp_text reference C10 (at 0 -1.75 180) (layer F.SilkS)
      (effects (font (size 1 1) (thickness 0.15)))
    )
    (fp_text value 0.022uF (at 0 1.75 180) (layer F.Fab)
      (effects (font (size 1 1) (thickness 0.15)))
    )
    (fp_line (start 2.25 0.87) (end -2.25 0.87) (layer F.CrtYd) (width 0.05))
    (fp_line (start 2.25 0.87) (end 2.25 -0.88) (layer F.CrtYd) (width 0.05))
    (fp_line (start -2.25 -0.88) (end -2.25 0.87) (layer F.CrtYd) (width 0.05))
    (fp_line (start -2.25 -0.88) (end 2.25 -0.88) (layer F.CrtYd) (width 0.05))
    (fp_line (start -0.5 0.85) (end 0.5 0.85) (layer F.SilkS) (width 0.12))
    (fp_line (start 0.5 -0.85) (end -0.5 -0.85) (layer F.SilkS) (width 0.12))
    (fp_line (start -1 -0.62) (end 1 -0.62) (layer F.Fab) (width 0.1))
    (fp_line (start 1 -0.62) (end 1 0.62) (layer F.Fab) (width 0.1))
    (fp_line (start 1 0.62) (end -1 0.62) (layer F.Fab) (width 0.1))
    (fp_line (start -1 0.62) (end -1 -0.62) (layer F.Fab) (width 0.1))
    (fp_text user %R (at 0 -1.75 180) (layer F.Fab)
      (effects (font (size 1 1) (thickness 0.15)))
    )
    (pad 2 smd rect (at 1.25 0 180) (size 1.5 1.25) (layers F.Cu F.Paste F.Mask)
      (net 5 /HP_B))
    (pad 1 smd rect (at -1.25 0 180) (size 1.5 1.25) (layers F.Cu F.Paste F.Mask)
      (net 6 "Net-(C10-Pad1)"))
    (model Capacitors_SMD.3dshapes/C_0805.wrl
      (at (xyz 0 0 0))
      (scale (xyz 1 1 1))
      (rotate (xyz 0 0 0))
    )
  )

  (module Capacitors_SMD:C_0805_HandSoldering (layer F.Cu) (tedit 58AA84A8) (tstamp 59F671AC)
    (at 100.076 131.572 90)
    (descr "Capacitor SMD 0805, hand soldering")
    (tags "capacitor 0805")
    (path /59E7D0C7)
    (attr smd)
    (fp_text reference C11 (at 0 -1.75 90) (layer F.SilkS)
      (effects (font (size 1 1) (thickness 0.15)))
    )
    (fp_text value 0.1uF (at 0 1.75 90) (layer F.Fab)
      (effects (font (size 1 1) (thickness 0.15)))
    )
    (fp_text user %R (at 0 -1.75 90) (layer F.Fab)
      (effects (font (size 1 1) (thickness 0.15)))
    )
    (fp_line (start -1 0.62) (end -1 -0.62) (layer F.Fab) (width 0.1))
    (fp_line (start 1 0.62) (end -1 0.62) (layer F.Fab) (width 0.1))
    (fp_line (start 1 -0.62) (end 1 0.62) (layer F.Fab) (width 0.1))
    (fp_line (start -1 -0.62) (end 1 -0.62) (layer F.Fab) (width 0.1))
    (fp_line (start 0.5 -0.85) (end -0.5 -0.85) (layer F.SilkS) (width 0.12))
    (fp_line (start -0.5 0.85) (end 0.5 0.85) (layer F.SilkS) (width 0.12))
    (fp_line (start -2.25 -0.88) (end 2.25 -0.88) (layer F.CrtYd) (width 0.05))
    (fp_line (start -2.25 -0.88) (end -2.25 0.87) (layer F.CrtYd) (width 0.05))
    (fp_line (start 2.25 0.87) (end 2.25 -0.88) (layer F.CrtYd) (width 0.05))
    (fp_line (start 2.25 0.87) (end -2.25 0.87) (layer F.CrtYd) (width 0.05))
    (pad 1 smd rect (at -1.25 0 90) (size 1.5 1.25) (layers F.Cu F.Paste F.Mask)
      (net 2 +1V8))
    (pad 2 smd rect (at 1.25 0 90) (size 1.5 1.25) (layers F.Cu F.Paste F.Mask)
      (net 106 GND))
    (model Capacitors_SMD.3dshapes/C_0805.wrl
      (at (xyz 0 0 0))
      (scale (xyz 1 1 1))
      (rotate (xyz 0 0 0))
    )
  )

  (module Capacitors_SMD:C_0805_HandSoldering (layer F.Cu) (tedit 58AA84A8) (tstamp 59F671BD)
    (at 96.52 131.572 90)
    (descr "Capacitor SMD 0805, hand soldering")
    (tags "capacitor 0805")
    (path /59E7D120)
    (attr smd)
    (fp_text reference C12 (at 0 -1.75 90) (layer F.SilkS)
      (effects (font (size 1 1) (thickness 0.15)))
    )
    (fp_text value 0.1uF (at 0 1.75 90) (layer F.Fab)
      (effects (font (size 1 1) (thickness 0.15)))
    )
    (fp_line (start 2.25 0.87) (end -2.25 0.87) (layer F.CrtYd) (width 0.05))
    (fp_line (start 2.25 0.87) (end 2.25 -0.88) (layer F.CrtYd) (width 0.05))
    (fp_line (start -2.25 -0.88) (end -2.25 0.87) (layer F.CrtYd) (width 0.05))
    (fp_line (start -2.25 -0.88) (end 2.25 -0.88) (layer F.CrtYd) (width 0.05))
    (fp_line (start -0.5 0.85) (end 0.5 0.85) (layer F.SilkS) (width 0.12))
    (fp_line (start 0.5 -0.85) (end -0.5 -0.85) (layer F.SilkS) (width 0.12))
    (fp_line (start -1 -0.62) (end 1 -0.62) (layer F.Fab) (width 0.1))
    (fp_line (start 1 -0.62) (end 1 0.62) (layer F.Fab) (width 0.1))
    (fp_line (start 1 0.62) (end -1 0.62) (layer F.Fab) (width 0.1))
    (fp_line (start -1 0.62) (end -1 -0.62) (layer F.Fab) (width 0.1))
    (fp_text user %R (at 0 -1.75 90) (layer F.Fab)
      (effects (font (size 1 1) (thickness 0.15)))
    )
    (pad 2 smd rect (at 1.25 0 90) (size 1.5 1.25) (layers F.Cu F.Paste F.Mask)
      (net 106 GND))
    (pad 1 smd rect (at -1.25 0 90) (size 1.5 1.25) (layers F.Cu F.Paste F.Mask)
      (net 2 +1V8))
    (model Capacitors_SMD.3dshapes/C_0805.wrl
      (at (xyz 0 0 0))
      (scale (xyz 1 1 1))
      (rotate (xyz 0 0 0))
    )
  )

  (module Capacitors_SMD:C_0805_HandSoldering (layer F.Cu) (tedit 58AA84A8) (tstamp 59F671DF)
    (at 105.664 154.432 180)
    (descr "Capacitor SMD 0805, hand soldering")
    (tags "capacitor 0805")
    (path /59E8470E)
    (attr smd)
    (fp_text reference C14 (at 0 -1.75 180) (layer F.SilkS)
      (effects (font (size 1 1) (thickness 0.15)))
    )
    (fp_text value 1uF (at 0 1.75 180) (layer F.Fab)
      (effects (font (size 1 1) (thickness 0.15)))
    )
    (fp_line (start 2.25 0.87) (end -2.25 0.87) (layer F.CrtYd) (width 0.05))
    (fp_line (start 2.25 0.87) (end 2.25 -0.88) (layer F.CrtYd) (width 0.05))
    (fp_line (start -2.25 -0.88) (end -2.25 0.87) (layer F.CrtYd) (width 0.05))
    (fp_line (start -2.25 -0.88) (end 2.25 -0.88) (layer F.CrtYd) (width 0.05))
    (fp_line (start -0.5 0.85) (end 0.5 0.85) (layer F.SilkS) (width 0.12))
    (fp_line (start 0.5 -0.85) (end -0.5 -0.85) (layer F.SilkS) (width 0.12))
    (fp_line (start -1 -0.62) (end 1 -0.62) (layer F.Fab) (width 0.1))
    (fp_line (start 1 -0.62) (end 1 0.62) (layer F.Fab) (width 0.1))
    (fp_line (start 1 0.62) (end -1 0.62) (layer F.Fab) (width 0.1))
    (fp_line (start -1 0.62) (end -1 -0.62) (layer F.Fab) (width 0.1))
    (fp_text user %R (at 0 -1.75 180) (layer F.Fab)
      (effects (font (size 1 1) (thickness 0.15)))
    )
    (pad 2 smd rect (at 1.25 0 180) (size 1.5 1.25) (layers F.Cu F.Paste F.Mask)
      (net 106 GND))
    (pad 1 smd rect (at -1.25 0 180) (size 1.5 1.25) (layers F.Cu F.Paste F.Mask)
      (net 2 +1V8))
    (model Capacitors_SMD.3dshapes/C_0805.wrl
      (at (xyz 0 0 0))
      (scale (xyz 1 1 1))
      (rotate (xyz 0 0 0))
    )
  )

  (module Capacitors_SMD:C_0805_HandSoldering (layer F.Cu) (tedit 58AA84A8) (tstamp 59F671F0)
    (at 102.108 143.256 270)
    (descr "Capacitor SMD 0805, hand soldering")
    (tags "capacitor 0805")
    (path /59E7B0EB)
    (attr smd)
    (fp_text reference C15 (at 0 -1.75 270) (layer F.SilkS)
      (effects (font (size 1 1) (thickness 0.15)))
    )
    (fp_text value 1uF (at 0 1.75 270) (layer F.Fab)
      (effects (font (size 1 1) (thickness 0.15)))
    )
    (fp_text user %R (at 0 -1.75 270) (layer F.Fab)
      (effects (font (size 1 1) (thickness 0.15)))
    )
    (fp_line (start -1 0.62) (end -1 -0.62) (layer F.Fab) (width 0.1))
    (fp_line (start 1 0.62) (end -1 0.62) (layer F.Fab) (width 0.1))
    (fp_line (start 1 -0.62) (end 1 0.62) (layer F.Fab) (width 0.1))
    (fp_line (start -1 -0.62) (end 1 -0.62) (layer F.Fab) (width 0.1))
    (fp_line (start 0.5 -0.85) (end -0.5 -0.85) (layer F.SilkS) (width 0.12))
    (fp_line (start -0.5 0.85) (end 0.5 0.85) (layer F.SilkS) (width 0.12))
    (fp_line (start -2.25 -0.88) (end 2.25 -0.88) (layer F.CrtYd) (width 0.05))
    (fp_line (start -2.25 -0.88) (end -2.25 0.87) (layer F.CrtYd) (width 0.05))
    (fp_line (start 2.25 0.87) (end 2.25 -0.88) (layer F.CrtYd) (width 0.05))
    (fp_line (start 2.25 0.87) (end -2.25 0.87) (layer F.CrtYd) (width 0.05))
    (pad 1 smd rect (at -1.25 0 270) (size 1.5 1.25) (layers F.Cu F.Paste F.Mask)
      (net 8 "Net-(C15-Pad1)"))
    (pad 2 smd rect (at 1.25 0 270) (size 1.5 1.25) (layers F.Cu F.Paste F.Mask)
      (net 9 "Net-(C15-Pad2)"))
    (model Capacitors_SMD.3dshapes/C_0805.wrl
      (at (xyz 0 0 0))
      (scale (xyz 1 1 1))
      (rotate (xyz 0 0 0))
    )
  )

  (module Capacitors_SMD:C_0805_HandSoldering (layer F.Cu) (tedit 58AA84A8) (tstamp 59F67201)
    (at 105.664 150.876 180)
    (descr "Capacitor SMD 0805, hand soldering")
    (tags "capacitor 0805")
    (path /59E84A6B)
    (attr smd)
    (fp_text reference C16 (at 0 -1.75 180) (layer F.SilkS)
      (effects (font (size 1 1) (thickness 0.15)))
    )
    (fp_text value 0.1uF (at 0 1.75 180) (layer F.Fab)
      (effects (font (size 1 1) (thickness 0.15)))
    )
    (fp_text user %R (at 0 -1.75 180) (layer F.Fab)
      (effects (font (size 1 1) (thickness 0.15)))
    )
    (fp_line (start -1 0.62) (end -1 -0.62) (layer F.Fab) (width 0.1))
    (fp_line (start 1 0.62) (end -1 0.62) (layer F.Fab) (width 0.1))
    (fp_line (start 1 -0.62) (end 1 0.62) (layer F.Fab) (width 0.1))
    (fp_line (start -1 -0.62) (end 1 -0.62) (layer F.Fab) (width 0.1))
