(kicad_pcb (version 20171130) (host pcbnew 5.0.0-rc2-dev-unknown-4202bb6~64~ubuntu16.04.1)

  (general
    (thickness 1.6)
    (drawings 7)
    (tracks 313)
    (zones 0)
    (modules 46)
    (nets 37)
  )

  (page A4)
  (layers
    (0 F.Cu signal)
    (31 B.Cu signal)
    (32 B.Adhes user)
    (33 F.Adhes user)
    (34 B.Paste user)
    (35 F.Paste user)
    (36 B.SilkS user)
    (37 F.SilkS user)
    (38 B.Mask user)
    (39 F.Mask user)
    (40 Dwgs.User user)
    (41 Cmts.User user)
    (42 Eco1.User user)
    (43 Eco2.User user)
    (44 Edge.Cuts user)
    (45 Margin user)
    (46 B.CrtYd user)
    (47 F.CrtYd user)
    (48 B.Fab user)
    (49 F.Fab user)
  )

  (setup
    (last_trace_width 0.1524)
    (trace_clearance 0.1524)
    (zone_clearance 0.508)
    (zone_45_only no)
    (trace_min 0.1524)
    (segment_width 0.2)
    (edge_width 0.15)
    (via_size 0.6858)
    (via_drill 0.3302)
    (via_min_size 0.6858)
    (via_min_drill 0.3302)
    (uvia_size 0.6858)
    (uvia_drill 0.3302)
    (uvias_allowed no)
    (uvia_min_size 0.2)
    (uvia_min_drill 0.1)
    (pcb_text_width 0.3)
    (pcb_text_size 1.5 1.5)
    (mod_edge_width 0.15)
    (mod_text_size 1 1)
    (mod_text_width 0.15)
    (pad_size 1.524 1.524)
    (pad_drill 0.762)
    (pad_to_mask_clearance 0.2)
    (aux_axis_origin 0 0)
    (visible_elements FFFFFF7F)
    (pcbplotparams
      (layerselection 0x010fc_ffffffff)
      (usegerberextensions false)
      (usegerberattributes false)
      (usegerberadvancedattributes false)
      (creategerberjobfile false)
      (excludeedgelayer true)
      (linewidth 0.100000)
      (plotframeref false)
      (viasonmask false)
      (mode 1)
      (useauxorigin false)
      (hpglpennumber 1)
      (hpglpenspeed 20)
      (hpglpendiameter 15)
      (psnegative false)
      (psa4output false)
      (plotreference true)
      (plotvalue true)
      (plotinvisibletext false)
      (padsonsilk false)
      (subtractmaskfromsilk false)
      (outputformat 1)
      (mirror false)
      (drillshape 1)
      (scaleselection 1)
      (outputdirectory ""))
  )

  (net 0 "")
  (net 1 "Net-(AIN1A1-Pad1)")
  (net 2 "Net-(AIN1B1-Pad1)")
  (net 3 "Net-(AIN2A1-Pad1)")
  (net 4 "Net-(AIN2B1-Pad1)")
  (net 5 "Net-(AIN3A1-Pad1)")
  (net 6 "Net-(AIN3B1-Pad1)")
  (net 7 "Net-(AIN4A1-Pad1)")
  (net 8 "Net-(AIN4B1-Pad1)")
  (net 9 GND)
  (net 10 +1V8)
  (net 11 "Net-(C2-Pad1)")
  (net 12 "Net-(C2-Pad2)")
  (net 13 "Net-(C3-Pad1)")
  (net 14 "Net-(C8-Pad2)")
  (net 15 "Net-(C8-Pad1)")
  (net 16 "Net-(C9-Pad1)")
  (net 17 "Net-(C9-Pad2)")
  (net 18 "Net-(C13-Pad2)")
  (net 19 "Net-(C15-Pad2)")
  (net 20 "Net-(C16-Pad2)")
  (net 21 "Net-(C17-Pad2)")
  (net 22 "Net-(J20-Pad4)")
  (net 23 "Net-(LRCK1-Pad1)")
  (net 24 "Net-(MCLK1-Pad1)")
  (net 25 "Net-(R1-Pad1)")
  (net 26 "Net-(R2-Pad1)")
  (net 27 "Net-(SCLK1-Pad1)")
  (net 28 "Net-(SDIN1-Pad1)")
  (net 29 "Net-(SPKR_OUTA+1-Pad1)")
  (net 30 "Net-(SPKR_OUTA-1-Pad1)")
  (net 31 "Net-(SPKR_OUTB+1-Pad1)")
  (net 32 "Net-(SPKR_OUTB-1-Pad1)")
  (net 33 "Net-(U1-Pad36)")
  (net 34 "Net-(U1-Pad32)")
  (net 35 "Net-(U1-Pad20)")
  (net 36 "Net-(U2-Pad3)")

  (net_class Default "This is the default net class."
    (clearance 0.1524)
    (trace_width 0.1524)
    (via_dia 0.6858)
    (via_drill 0.3302)
    (uvia_dia 0.6858)
    (uvia_drill 0.3302)
    (add_net +1V8)
    (add_net GND)
    (add_net "Net-(AIN1A1-Pad1)")
    (add_net "Net-(AIN1B1-Pad1)")
    (add_net "Net-(AIN2A1-Pad1)")
    (add_net "Net-(AIN2B1-Pad1)")
    (add_net "Net-(AIN3A1-Pad1)")
    (add_net "Net-(AIN3B1-Pad1)")
    (add_net "Net-(AIN4A1-Pad1)")
    (add_net "Net-(AIN4B1-Pad1)")
    (add_net "Net-(C13-Pad2)")
    (add_net "Net-(C15-Pad2)")
    (add_net "Net-(C16-Pad2)")
    (add_net "Net-(C17-Pad2)")
    (add_net "Net-(C2-Pad1)")
    (add_net "Net-(C2-Pad2)")
    (add_net "Net-(C3-Pad1)")
    (add_net "Net-(C8-Pad1)")
    (add_net "Net-(C8-Pad2)")
    (add_net "Net-(C9-Pad1)")
    (add_net "Net-(C9-Pad2)")
    (add_net "Net-(J20-Pad4)")
    (add_net "Net-(LRCK1-Pad1)")
    (add_net "Net-(MCLK1-Pad1)")
    (add_net "Net-(R1-Pad1)")
    (add_net "Net-(R2-Pad1)")
    (add_net "Net-(SCLK1-Pad1)")
    (add_net "Net-(SDIN1-Pad1)")
    (add_net "Net-(SPKR_OUTA+1-Pad1)")
    (add_net "Net-(SPKR_OUTA-1-Pad1)")
    (add_net "Net-(SPKR_OUTB+1-Pad1)")
    (add_net "Net-(SPKR_OUTB-1-Pad1)")
    (add_net "Net-(U1-Pad20)")
    (add_net "Net-(U1-Pad32)")
    (add_net "Net-(U1-Pad36)")
    (add_net "Net-(U2-Pad3)")
  )

  (module connector:Conn_1pin_2.54mm (layer F.Cu) (tedit 5B0B6926) (tstamp 5AE681AD)
    (at 109.22 83.82)
    (path /5AE76F8B)
    (fp_text reference AIN1A (at -2.921 -0.254) (layer F.SilkS)
      (effects (font (size 0.5 0.5) (thickness 0.05)))
    )
    (fp_text value AIN1A (at 0 -2.54) (layer F.Fab)
      (effects (font (size 1 1) (thickness 0.15)))
    )
    (pad 1 thru_hole circle (at 0 0) (size 1.6 1.6) (drill 1.15) (layers *.Cu *.Mask)
      (net 1 "Net-(AIN1A1-Pad1)"))
  )

  (module connector:Conn_1pin_2.54mm (layer F.Cu) (tedit 5B0B6929) (tstamp 5AE681B2)
    (at 109.22 81.28)
    (path /5AE77184)
    (fp_text reference AIN1B (at -2.921 -0.254) (layer F.SilkS)
      (effects (font (size 0.5 0.5) (thickness 0.05)))
    )
    (fp_text value AIN1B (at 0 -2.54) (layer F.Fab)
      (effects (font (size 1 1) (thickness 0.15)))
    )
    (pad 1 thru_hole circle (at 0 0) (size 1.6 1.6) (drill 1.15) (layers *.Cu *.Mask)
      (net 2 "Net-(AIN1B1-Pad1)"))
  )

  (module connector:Conn_1pin_2.54mm (layer F.Cu) (tedit 5B0B691D) (tstamp 5AE681B7)
    (at 109.22 88.9)
    (path /5AE777D1)
    (fp_text reference AIN2A (at -2.921 -0.254) (layer F.SilkS)
      (effects (font (size 0.5 0.5) (thickness 0.05)))
    )
    (fp_text value AIN2A (at 0 -2.54) (layer F.Fab)
      (effects (font (size 1 1) (thickness 0.15)))
    )
    (pad 1 thru_hole circle (at 0 0) (size 1.6 1.6) (drill 1.15) (layers *.Cu *.Mask)
      (net 3 "Net-(AIN2A1-Pad1)"))
  )

  (module connector:Conn_1pin_2.54mm (layer F.Cu) (tedit 5B0B6920) (tstamp 5AE681BC)
    (at 109.22 86.36)
    (path /5AE77E1F)
    (fp_text reference AIN2B (at -2.921 -0.254) (layer F.SilkS)
      (effects (font (size 0.5 0.5) (thickness 0.05)))
    )
    (fp_text value AIN2B (at 0 -2.54) (layer F.Fab)
      (effects (font (size 1 1) (thickness 0.15)))
    )
    (pad 1 thru_hole circle (at 0 0) (size 1.6 1.6) (drill 1.15) (layers *.Cu *.Mask)
      (net 4 "Net-(AIN2B1-Pad1)"))
  )

  (module connector:Conn_1pin_2.54mm (layer F.Cu) (tedit 5B0B6913) (tstamp 5AE681C1)
    (at 109.22 93.98)
    (path /5AE7846E)
    (fp_text reference AIN3A (at -2.921 -0.254) (layer F.SilkS)
      (effects (font (size 0.5 0.5) (thickness 0.05)))
    )
    (fp_text value AIN3A (at 0 -2.54) (layer F.Fab)
      (effects (font (size 1 1) (thickness 0.15)))
    )
    (pad 1 thru_hole circle (at 0 0) (size 1.6 1.6) (drill 1.15) (layers *.Cu *.Mask)
      (net 5 "Net-(AIN3A1-Pad1)"))
  )

  (module connector:Conn_1pin_2.54mm (layer F.Cu) (tedit 5B0B6916) (tstamp 5AE681C6)
    (at 109.22 91.44)
    (path /5AE78ABE)
    (fp_text reference AIN3B (at -2.921 -0.254) (layer F.SilkS)
      (effects (font (size 0.5 0.5) (thickness 0.05)))
    )
    (fp_text value AIN3B (at 0 -2.54) (layer F.Fab)
      (effects (font (size 1 1) (thickness 0.15)))
    )
    (pad 1 thru_hole circle (at 0 0) (size 1.6 1.6) (drill 1.15) (layers *.Cu *.Mask)
      (net 6 "Net-(AIN3B1-Pad1)"))
  )

  (module connector:Conn_1pin_2.54mm (layer F.Cu) (tedit 5B0B690A) (tstamp 5AE681CB)
    (at 109.22 99.06)
    (path /5AE7910F)
    (fp_text reference AIN4A (at -2.921 -0.254) (layer F.SilkS)
      (effects (font (size 0.5 0.5) (thickness 0.05)))
    )
    (fp_text value AIN4A (at 0 -2.54) (layer F.Fab)
      (effects (font (size 1 1) (thickness 0.15)))
    )
    (pad 1 thru_hole circle (at 0 0) (size 1.6 1.6) (drill 1.15) (layers *.Cu *.Mask)
      (net 7 "Net-(AIN4A1-Pad1)"))
  )

  (module connector:Conn_1pin_2.54mm (layer F.Cu) (tedit 5B0B690D) (tstamp 5AE681D0)
    (at 109.22 96.52)
    (path /5AE79761)
    (fp_text reference AIN4B (at -2.921 -0.254) (layer F.SilkS)
      (effects (font (size 0.5 0.5) (thickness 0.05)))
    )
    (fp_text value AIN4B (at 0 -2.54) (layer F.Fab)
      (effects (font (size 1 1) (thickness 0.15)))
    )
    (pad 1 thru_hole circle (at 0 0) (size 1.6 1.6) (drill 1.15) (layers *.Cu *.Mask)
      (net 8 "Net-(AIN4B1-Pad1)"))
  )

  (module Capacitors_SMD:C_0805_HandSoldering (layer B.Cu) (tedit 5B0B5D27) (tstamp 5B0B5D5D)
    (at 97.81 76.835 180)
    (descr "Capacitor SMD 0805, hand soldering")
    (tags "capacitor 0805")
    (path /5AE6EF7A)
    (attr smd)
    (fp_text reference C1 (at -3.79 0 180) (layer B.SilkS)
      (effects (font (size 1 1) (thickness 0.15)) (justify mirror))
    )
    (fp_text value 0.1uf (at 0 -1.75 180) (layer B.Fab)
      (effects (font (size 1 1) (thickness 0.15)) (justify mirror))
    )
    (fp_line (start 2.25 -0.87) (end -2.25 -0.87) (layer B.CrtYd) (width 0.05))
    (fp_line (start 2.25 -0.87) (end 2.25 0.88) (layer B.CrtYd) (width 0.05))
    (fp_line (start -2.25 0.88) (end -2.25 -0.87) (layer B.CrtYd) (width 0.05))
    (fp_line (start -2.25 0.88) (end 2.25 0.88) (layer B.CrtYd) (width 0.05))
    (fp_line (start -0.5 -0.85) (end 0.5 -0.85) (layer B.SilkS) (width 0.12))
    (fp_line (start 0.5 0.85) (end -0.5 0.85) (layer B.SilkS) (width 0.12))
    (fp_line (start -1 0.62) (end 1 0.62) (layer B.Fab) (width 0.1))
    (fp_line (start 1 0.62) (end 1 -0.62) (layer B.Fab) (width 0.1))
    (fp_line (start 1 -0.62) (end -1 -0.62) (layer B.Fab) (width 0.1))
    (fp_line (start -1 -0.62) (end -1 0.62) (layer B.Fab) (width 0.1))
    (fp_text user %R (at 0 1.75 180) (layer B.Fab)
      (effects (font (size 1 1) (thickness 0.15)) (justify mirror))
    )
    (pad 2 smd rect (at 1.25 0 180) (size 1.5 1.25) (layers B.Cu B.Paste B.Mask)
      (net 9 GND))
    (pad 1 smd rect (at -1.25 0 180) (size 1.5 1.25) (layers B.Cu B.Paste B.Mask)
      (net 10 +1V8))
    (model Capacitors_SMD.3dshapes/C_0805.wrl
      (at (xyz 0 0 0))
      (scale (xyz 1 1 1))
      (rotate (xyz 0 0 0))
    )
  )

  (module Capacitors_SMD:C_0805_HandSoldering (layer B.Cu) (tedit 58AA84A8) (tstamp 5B0B03DA)
    (at 95.905 92.71 180)
    (descr "Capacitor SMD 0805, hand soldering")
    (tags "capacitor 0805")
    (path /5AE7D32F)
    (attr smd)
    (fp_text reference C2 (at 0 1.75 180) (layer B.SilkS)
      (effects (font (size 1 1) (thickness 0.15)) (justify mirror))
    )
    (fp_text value 1uf (at 0 -1.75 180) (layer B.Fab)
      (effects (font (size 1 1) (thickness 0.15)) (justify mirror))
    )
    (fp_text user %R (at 0 1.75 180) (layer B.Fab)
      (effects (font (size 1 1) (thickness 0.15)) (justify mirror))
    )
    (fp_line (start -1 -0.62) (end -1 0.62) (layer B.Fab) (width 0.1))
    (fp_line (start 1 -0.62) (end -1 -0.62) (layer B.Fab) (width 0.1))
    (fp_line (start 1 0.62) (end 1 -0.62) (layer B.Fab) (width 0.1))
    (fp_line (start -1 0.62) (end 1 0.62) (layer B.Fab) (width 0.1))
    (fp_line (start 0.5 0.85) (end -0.5 0.85) (layer B.SilkS) (width 0.12))
    (fp_line (start -0.5 -0.85) (end 0.5 -0.85) (layer B.SilkS) (width 0.12))
    (fp_line (start -2.25 0.88) (end 2.25 0.88) (layer B.CrtYd) (width 0.05))
    (fp_line (start -2.25 0.88) (end -2.25 -0.87) (layer B.CrtYd) (width 0.05))
    (fp_line (start 2.25 -0.87) (end 2.25 0.88) (layer B.CrtYd) (width 0.05))
    (fp_line (start 2.25 -0.87) (end -2.25 -0.87) (layer B.CrtYd) (width 0.05))
    (pad 1 smd rect (at -1.25 0 180) (size 1.5 1.25) (layers B.Cu B.Paste B.Mask)
      (net 11 "Net-(C2-Pad1)"))
    (pad 2 smd rect (at 1.25 0 180) (size 1.5 1.25) (layers B.Cu B.Paste B.Mask)
      (net 12 "Net-(C2-Pad2)"))
    (model Capacitors_SMD.3dshapes/C_0805.wrl
      (at (xyz 0 0 0))
      (scale (xyz 1 1 1))
      (rotate (xyz 0 0 0))
    )
  )

  (module Capacitors_SMD:C_0805_HandSoldering (layer B.Cu) (tedit 58AA84A8) (tstamp 5AE69D5C)
    (at 88.92 89.535 180)
    (descr "Capacitor SMD 0805, hand soldering")
    (tags "capacitor 0805")
    (path /5AE80A4D)
    (attr smd)
    (fp_text reference C3 (at -3.79 0 180) (layer B.SilkS)
      (effects (font (size 1 1) (thickness 0.15)) (justify mirror))
    )
    (fp_text value 1uf (at 0 -1.75 180) (layer B.Fab)
      (effects (font (size 1 1) (thickness 0.15)) (justify mirror))
    )
    (fp_line (start 2.25 -0.87) (end -2.25 -0.87) (layer B.CrtYd) (width 0.05))
    (fp_line (start 2.25 -0.87) (end 2.25 0.88) (layer B.CrtYd) (width 0.05))
    (fp_line (start -2.25 0.88) (end -2.25 -0.87) (layer B.CrtYd) (width 0.05))
    (fp_line (start -2.25 0.88) (end 2.25 0.88) (layer B.CrtYd) (width 0.05))
    (fp_line (start -0.5 -0.85) (end 0.5 -0.85) (layer B.SilkS) (width 0.12))
    (fp_line (start 0.5 0.85) (end -0.5 0.85) (layer B.SilkS) (width 0.12))
    (fp_line (start -1 0.62) (end 1 0.62) (layer B.Fab) (width 0.1))
    (fp_line (start 1 0.62) (end 1 -0.62) (layer B.Fab) (width 0.1))
    (fp_line (start 1 -0.62) (end -1 -0.62) (layer B.Fab) (width 0.1))
    (fp_line (start -1 -0.62) (end -1 0.62) (layer B.Fab) (width 0.1))
    (fp_text user %R (at 0 1.75 180) (layer B.Fab)
      (effects (font (size 1 1) (thickness 0.15)) (justify mirror))
    )
    (pad 2 smd rect (at 1.25 0 180) (size 1.5 1.25) (layers B.Cu B.Paste B.Mask)
      (net 9 GND))
    (pad 1 smd rect (at -1.25 0 180) (size 1.5 1.25) (layers B.Cu B.Paste B.Mask)
      (net 13 "Net-(C3-Pad1)"))
    (model Capacitors_SMD.3dshapes/C_0805.wrl
      (at (xyz 0 0 0))
      (scale (xyz 1 1 1))
      (rotate (xyz 0 0 0))
    )
  )

  (module Capacitors_SMD:C_0805_HandSoldering (layer B.Cu) (tedit 58AA84A8) (tstamp 5B0B5E0D)
    (at 97.81 79.375 180)
    (descr "Capacitor SMD 0805, hand soldering")
    (tags "capacitor 0805")
    (path /5AE8BBAF)
    (attr smd)
    (fp_text reference C4 (at 0.02 -1.905 180) (layer B.SilkS)
      (effects (font (size 1 1) (thickness 0.15)) (justify mirror))
    )
    (fp_text value 0.1uf (at 0 -1.75 180) (layer B.Fab)
      (effects (font (size 1 1) (thickness 0.15)) (justify mirror))
    )
    (fp_text user %R (at 0 1.75 180) (layer B.Fab)
      (effects (font (size 1 1) (thickness 0.15)) (justify mirror))
    )
    (fp_line (start -1 -0.62) (end -1 0.62) (layer B.Fab) (width 0.1))
    (fp_line (start 1 -0.62) (end -1 -0.62) (layer B.Fab) (width 0.1))
    (fp_line (start 1 0.62) (end 1 -0.62) (layer B.Fab) (width 0.1))
    (fp_line (start -1 0.62) (end 1 0.62) (layer B.Fab) (width 0.1))
    (fp_line (start 0.5 0.85) (end -0.5 0.85) (layer B.SilkS) (width 0.12))
    (fp_line (start -0.5 -0.85) (end 0.5 -0.85) (layer B.SilkS) (width 0.12))
    (fp_line (start -2.25 0.88) (end 2.25 0.88) (layer B.CrtYd) (width 0.05))
    (fp_line (start -2.25 0.88) (end -2.25 -0.87) (layer B.CrtYd) (width 0.05))
    (fp_line (start 2.25 -0.87) (end 2.25 0.88) (layer B.CrtYd) (width 0.05))
    (fp_line (start 2.25 -0.87) (end -2.25 -0.87) (layer B.CrtYd) (width 0.05))
    (pad 1 smd rect (at -1.25 0 180) (size 1.5 1.25) (layers B.Cu B.Paste B.Mask)
      (net 10 +1V8))
    (pad 2 smd rect (at 1.25 0 180) (size 1.5 1.25) (layers B.Cu B.Paste B.Mask)
      (net 9 GND))
    (model Capacitors_SMD.3dshapes/C_0805.wrl
      (at (xyz 0 0 0))
      (scale (xyz 1 1 1))
      (rotate (xyz 0 0 0))
    )
  )

  (module Capacitors_SMD:C_0805_HandSoldering (layer B.Cu) (tedit 58AA84A8) (tstamp 5B0B5E63)
    (at 97.81 74.295 180)
    (descr "Capacitor SMD 0805, hand soldering")
    (tags "capacitor 0805")
    (path /5AE6EFAA)
    (attr smd)
    (fp_text reference C5 (at -3.79 0 180) (layer B.SilkS)
      (effects (font (size 1 1) (thickness 0.15)) (justify mirror))
    )
    (fp_text value 0.1uf (at 0 -1.75 180) (layer B.Fab)
      (effects (font (size 1 1) (thickness 0.15)) (justify mirror))
    )
    (fp_text user %R (at 0 1.75 180) (layer B.Fab)
      (effects (font (size 1 1) (thickness 0.15)) (justify mirror))
    )
    (fp_line (start -1 -0.62) (end -1 0.62) (layer B.Fab) (width 0.1))
    (fp_line (start 1 -0.62) (end -1 -0.62) (layer B.Fab) (width 0.1))
    (fp_line (start 1 0.62) (end 1 -0.62) (layer B.Fab) (width 0.1))
    (fp_line (start -1 0.62) (end 1 0.62) (layer B.Fab) (width 0.1))
    (fp_line (start 0.5 0.85) (end -0.5 0.85) (layer B.SilkS) (width 0.12))
    (fp_line (start -0.5 -0.85) (end 0.5 -0.85) (layer B.SilkS) (width 0.12))
    (fp_line (start -2.25 0.88) (end 2.25 0.88) (layer B.CrtYd) (width 0.05))
    (fp_line (start -2.25 0.88) (end -2.25 -0.87) (layer B.CrtYd) (width 0.05))
    (fp_line (start 2.25 -0.87) (end 2.25 0.88) (layer B.CrtYd) (width 0.05))
    (fp_line (start 2.25 -0.87) (end -2.25 -0.87) (layer B.CrtYd) (width 0.05))
    (pad 1 smd rect (at -1.25 0 180) (size 1.5 1.25) (layers B.Cu B.Paste B.Mask)
      (net 10 +1V8))
    (pad 2 smd rect (at 1.25 0 180) (size 1.5 1.25) (layers B.Cu B.Paste B.Mask)
      (net 9 GND))
    (model Capacitors_SMD.3dshapes/C_0805.wrl
      (at (xyz 0 0 0))
      (scale (xyz 1 1 1))
      (rotate (xyz 0 0 0))
    )
  )

  (module Capacitors_SMD:C_0805_HandSoldering (layer B.Cu) (tedit 5B0AF9C0) (tstamp 5B0B1BA0)
    (at 103.725 89.93)
    (descr "Capacitor SMD 0805, hand soldering")
    (tags "capacitor 0805")
    (path /5AE6F312)
    (attr smd)
    (fp_text reference C6 (at -3.395 0.24) (layer B.SilkS)
      (effects (font (size 1 1) (thickness 0.15)) (justify mirror))
    )
    (fp_text value 0.1uf (at 0 -1.75) (layer B.Fab)
      (effects (font (size 1 1) (thickness 0.15)) (justify mirror))
    )
    (fp_line (start 2.25 -0.87) (end -2.25 -0.87) (layer B.CrtYd) (width 0.05))
    (fp_line (start 2.25 -0.87) (end 2.25 0.88) (layer B.CrtYd) (width 0.05))
    (fp_line (start -2.25 0.88) (end -2.25 -0.87) (layer B.CrtYd) (width 0.05))
    (fp_line (start -2.25 0.88) (end 2.25 0.88) (layer B.CrtYd) (width 0.05))
    (fp_line (start -0.5 -0.85) (end 0.5 -0.85) (layer B.SilkS) (width 0.12))
    (fp_line (start 0.5 0.85) (end -0.5 0.85) (layer B.SilkS) (width 0.12))
    (fp_line (start -1 0.62) (end 1 0.62) (layer B.Fab) (width 0.1))
    (fp_line (start 1 0.62) (end 1 -0.62) (layer B.Fab) (width 0.1))
    (fp_line (start 1 -0.62) (end -1 -0.62) (layer B.Fab) (width 0.1))
    (fp_line (start -1 -0.62) (end -1 0.62) (layer B.Fab) (width 0.1))
    (fp_text user %R (at 0 1.75) (layer B.Fab)
      (effects (font (size 1 1) (thickness 0.15)) (justify mirror))
    )
    (pad 2 smd rect (at 1.25 0) (size 1.5 1.25) (layers B.Cu B.Paste B.Mask)
      (net 9 GND))
    (pad 1 smd rect (at -1.25 0) (size 1.5 1.25) (layers B.Cu B.Paste B.Mask)
      (net 10 +1V8))
    (model Capacitors_SMD.3dshapes/C_0805.wrl
      (at (xyz 0 0 0))
      (scale (xyz 1 1 1))
      (rotate (xyz 0 0 0))
    )
  )

  (module Capacitors_SMD:C_0805_HandSoldering (layer B.Cu) (tedit 58AA84A8) (tstamp 5B0B0816)
    (at 103.725 92.51)
    (descr "Capacitor SMD 0805, hand soldering")
    (tags "capacitor 0805")
    (path /5AE6F630)
    (attr smd)
    (fp_text reference C7 (at -3.395 0.2) (layer B.SilkS)
      (effects (font (size 1 1) (thickness 0.15)) (justify mirror))
    )
    (fp_text value 0.1uf (at 0 -1.75) (layer B.Fab)
      (effects (font (size 1 1) (thickness 0.15)) (justify mirror))
    )
    (fp_text user %R (at 0 1.75) (layer B.Fab)
      (effects (font (size 1 1) (thickness 0.15)) (justify mirror))
    )
    (fp_line (start -1 -0.62) (end -1 0.62) (layer B.Fab) (width 0.1))
    (fp_line (start 1 -0.62) (end -1 -0.62) (layer B.Fab) (width 0.1))
    (fp_line (start 1 0.62) (end 1 -0.62) (layer B.Fab) (width 0.1))
    (fp_line (start -1 0.62) (end 1 0.62) (layer B.Fab) (width 0.1))
    (fp_line (start 0.5 0.85) (end -0.5 0.85) (layer B.SilkS) (width 0.12))
    (fp_line (start -0.5 -0.85) (end 0.5 -0.85) (layer B.SilkS) (width 0.12))
    (fp_line (start -2.25 0.88) (end 2.25 0.88) (layer B.CrtYd) (width 0.05))
    (fp_line (start -2.25 0.88) (end -2.25 -0.87) (layer B.CrtYd) (width 0.05))
    (fp_line (start 2.25 -0.87) (end 2.25 0.88) (layer B.CrtYd) (width 0.05))
    (fp_line (start 2.25 -0.87) (end -2.25 -0.87) (layer B.CrtYd) (width 0.05))
    (pad 1 smd rect (at -1.25 0) (size 1.5 1.25) (layers B.Cu B.Paste B.Mask)
      (net 10 +1V8))
    (pad 2 smd rect (at 1.25 0) (size 1.5 1.25) (layers B.Cu B.Paste B.Mask)
      (net 9 GND))
    (model Capacitors_SMD.3dshapes/C_0805.wrl
      (at (xyz 0 0 0))
      (scale (xyz 1 1 1))
      (rotate (xyz 0 0 0))
    )
  )

  (module Capacitors_SMD:C_0805_HandSoldering (layer B.Cu) (tedit 5B0AFA5D) (tstamp 5B0B1D49)
    (at 103.525 100.33 180)
    (descr "Capacitor SMD 0805, hand soldering")
    (tags "capacitor 0805")
    (path /5AEA50E5)
    (attr smd)
    (fp_text reference C8 (at 0.02 -2.54 180) (layer B.SilkS)
      (effects (font (size 1 1) (thickness 0.15)) (justify mirror))
    )
    (fp_text value 0.022uf (at 0 -1.75 180) (layer B.Fab)
      (effects (font (size 1 1) (thickness 0.15)) (justify mirror))
    )
    (fp_line (start 2.25 -0.87) (end -2.25 -0.87) (layer B.CrtYd) (width 0.05))
    (fp_line (start 2.25 -0.87) (end 2.25 0.88) (layer B.CrtYd) (width 0.05))
    (fp_line (start -2.25 0.88) (end -2.25 -0.87) (layer B.CrtYd) (width 0.05))
    (fp_line (start -2.25 0.88) (end 2.25 0.88) (layer B.CrtYd) (width 0.05))
    (fp_line (start -0.5 -0.85) (end 0.5 -0.85) (layer B.SilkS) (width 0.12))
    (fp_line (start 0.5 0.85) (end -0.5 0.85) (layer B.SilkS) (width 0.12))
    (fp_line (start -1 0.62) (end 1 0.62) (layer B.Fab) (width 0.1))
    (fp_line (start 1 0.62) (end 1 -0.62) (layer B.Fab) (width 0.1))
    (fp_line (start 1 -0.62) (end -1 -0.62) (layer B.Fab) (width 0.1))
    (fp_line (start -1 -0.62) (end -1 0.62) (layer B.Fab) (width 0.1))
    (fp_text user %R (at 0 1.75 180) (layer B.Fab)
      (effects (font (size 1 1) (thickness 0.15)) (justify mirror))
    )
    (pad 2 smd rect (at 1.25 0 180) (size 1.5 1.25) (layers B.Cu B.Paste B.Mask)
      (net 14 "Net-(C8-Pad2)"))
    (pad 1 smd rect (at -1.25 0 180) (size 1.5 1.25) (layers B.Cu B.Paste B.Mask)
      (net 15 "Net-(C8-Pad1)"))
    (model Capacitors_SMD.3dshapes/C_0805.wrl
      (at (xyz 0 0 0))
      (scale (xyz 1 1 1))
      (rotate (xyz 0 0 0))
    )
  )

  (module Capacitors_SMD:C_0805_HandSoldering (layer B.Cu) (tedit 5B0AFAAE) (tstamp 5B0B0756)
    (at 103.525 97.79)
    (descr "Capacitor SMD 0805, hand soldering")
    (tags "capacitor 0805")
    (path /5AEABF71)
    (attr smd)
    (fp_text reference C9 (at -3.83 0) (layer B.SilkS)
      (effects (font (size 1 1) (thickness 0.15)) (justify mirror))
    )
    (fp_text value 0.022uf (at 0 -1.75) (layer B.Fab)
      (effects (font (size 1 1) (thickness 0.15)) (justify mirror))
    )
    (fp_text user %R (at 0 1.75) (layer B.Fab)
      (effects (font (size 1 1) (thickness 0.15)) (justify mirror))
    )
    (fp_line (start -1 -0.62) (end -1 0.62) (layer B.Fab) (width 0.1))
    (fp_line (start 1 -0.62) (end -1 -0.62) (layer B.Fab) (width 0.1))
    (fp_line (start 1 0.62) (end 1 -0.62) (layer B.Fab) (width 0.1))
    (fp_line (start -1 0.62) (end 1 0.62) (layer B.Fab) (width 0.1))
    (fp_line (start 0.5 0.85) (end -0.5 0.85) (layer B.SilkS) (width 0.12))
    (fp_line (start -0.5 -0.85) (end 0.5 -0.85) (layer B.SilkS) (width 0.12))
    (fp_line (start -2.25 0.88) (end 2.25 0.88) (layer B.CrtYd) (width 0.05))
    (fp_line (start -2.25 0.88) (end -2.25 -0.87) (layer B.CrtYd) (width 0.05))
    (fp_line (start 2.25 -0.87) (end 2.25 0.88) (layer B.CrtYd) (width 0.05))
    (fp_line (start 2.25 -0.87) (end -2.25 -0.87) (layer B.CrtYd) (width 0.05))
    (pad 1 smd rect (at -1.25 0) (size 1.5 1.25) (layers B.Cu B.Paste B.Mask)
      (net 16 "Net-(C9-Pad1)"))
    (pad 2 smd rect (at 1.25 0) (size 1.5 1.25) (layers B.Cu B.Paste B.Mask)
      (net 17 "Net-(C9-Pad2)"))
    (model Capacitors_SMD.3dshapes/C_0805.wrl
      (at (xyz 0 0 0))
      (scale (xyz 1 1 1))
      (rotate (xyz 0 0 0))
    )
  )

  (module Capacitors_SMD:C_0805_HandSoldering (layer B.Cu) (tedit 58AA84A8) (tstamp 5B0B07B6)
    (at 103.685 95.05)
    (descr "Capacitor SMD 0805, hand soldering")
    (tags "capacitor 0805")
    (path /5AE6F9FA)
    (attr smd)
    (fp_text reference C10 (at -3.99 0.2) (layer B.SilkS)
      (effects (font (size 1 1) (thickness 0.15)) (justify mirror))
    )
    (fp_text value 1uf (at 0 -1.75) (layer B.Fab)
      (effects (font (size 1 1) (thickness 0.15)) (justify mirror))
    )
    (fp_line (start 2.25 -0.87) (end -2.25 -0.87) (layer B.CrtYd) (width 0.05))
    (fp_line (start 2.25 -0.87) (end 2.25 0.88) (layer B.CrtYd) (width 0.05))
    (fp_line (start -2.25 0.88) (end -2.25 -0.87) (layer B.CrtYd) (width 0.05))
    (fp_line (start -2.25 0.88) (end 2.25 0.88) (layer B.CrtYd) (width 0.05))
    (fp_line (start -0.5 -0.85) (end 0.5 -0.85) (layer B.SilkS) (width 0.12))
    (fp_line (start 0.5 0.85) (end -0.5 0.85) (layer B.SilkS) (width 0.12))
    (fp_line (start -1 0.62) (end 1 0.62) (layer B.Fab) (width 0.1))
    (fp_line (start 1 0.62) (end 1 -0.62) (layer B.Fab) (width 0.1))
    (fp_line (start 1 -0.62) (end -1 -0.62) (layer B.Fab) (width 0.1))
    (fp_line (start -1 -0.62) (end -1 0.62) (layer B.Fab) (width 0.1))
    (fp_text user %R (at 0 1.75) (layer B.Fab)
      (effects (font (size 1 1) (thickness 0.15)) (justify mirror))
    )
    (pad 2 smd rect (at 1.25 0) (size 1.5 1.25) (layers B.Cu B.Paste B.Mask)
      (net 9 GND))
    (pad 1 smd rect (at -1.25 0) (size 1.5 1.25) (layers B.Cu B.Paste B.Mask)
      (net 10 +1V8))
    (model Capacitors_SMD.3dshapes/C_0805.wrl
      (at (xyz 0 0 0))
      (scale (xyz 1 1 1))
      (rotate (xyz 0 0 0))
    )
  )

  (module Capacitors_SMD:C_0805_HandSoldering (layer B.Cu) (tedit 58AA84A8) (tstamp 5B0B1812)
    (at 88.92 84.455 180)
    (descr "Capacitor SMD 0805, hand soldering")
    (tags "capacitor 0805")
    (path /5AE70EA6)
    (attr smd)
    (fp_text reference C11 (at -3.79 0 180) (layer B.SilkS)
      (effects (font (size 1 1) (thickness 0.15)) (justify mirror))
    )
    (fp_text value 0.1uf (at 0 -1.75 180) (layer B.Fab)
      (effects (font (size 1 1) (thickness 0.15)) (justify mirror))
    )
    (fp_line (start 2.25 -0.87) (end -2.25 -0.87) (layer B.CrtYd) (width 0.05))
    (fp_line (start 2.25 -0.87) (end 2.25 0.88) (layer B.CrtYd) (width 0.05))
    (fp_line (start -2.25 0.88) (end -2.25 -0.87) (layer B.CrtYd) (width 0.05))
    (fp_line (start -2.25 0.88) (end 2.25 0.88) (layer B.CrtYd) (width 0.05))
    (fp_line (start -0.5 -0.85) (end 0.5 -0.85) (layer B.SilkS) (width 0.12))
    (fp_line (start 0.5 0.85) (end -0.5 0.85) (layer B.SilkS) (width 0.12))
    (fp_line (start -1 0.62) (end 1 0.62) (layer B.Fab) (width 0.1))
    (fp_line (start 1 0.62) (end 1 -0.62) (layer B.Fab) (width 0.1))
    (fp_line (start 1 -0.62) (end -1 -0.62) (layer B.Fab) (width 0.1))
    (fp_line (start -1 -0.62) (end -1 0.62) (layer B.Fab) (width 0.1))
    (fp_text user %R (at 0 1.75 180) (layer B.Fab)
      (effects (font (size 1 1) (thickness 0.15)) (justify mirror))
    )
    (pad 2 smd rect (at 1.25 0 180) (size 1.5 1.25) (layers B.Cu B.Paste B.Mask)
      (net 9 GND))
    (pad 1 smd rect (at -1.25 0 180) (size 1.5 1.25) (layers B.Cu B.Paste B.Mask)
      (net 10 +1V8))
    (model Capacitors_SMD.3dshapes/C_0805.wrl
      (at (xyz 0 0 0))
      (scale (xyz 1 1 1))
      (rotate (xyz 0 0 0))
    )
  )

  (module Capacitors_SMD:C_0805_HandSoldering (layer B.Cu) (tedit 58AA84A8) (tstamp 5B0B17B0)
    (at 88.92 86.995 180)
    (descr "Capacitor SMD 0805, hand soldering")
    (tags "capacitor 0805")
    (path /5AE71C56)
    (attr smd)
    (fp_text reference C12 (at -3.79 0 180) (layer B.SilkS)
      (effects (font (size 1 1) (thickness 0.15)) (justify mirror))
    )
    (fp_text value 0.1uf (at 0 -1.75 180) (layer B.Fab)
      (effects (font (size 1 1) (thickness 0.15)) (justify mirror))
    )
    (fp_text user %R (at 0 1.75 180) (layer B.Fab)
      (effects (font (size 1 1) (thickness 0.15)) (justify mirror))
    )
    (fp_line (start -1 -0.62) (end -1 0.62) (layer B.Fab) (width 0.1))
    (fp_line (start 1 -0.62) (end -1 -0.62) (layer B.Fab) (width 0.1))
    (fp_line (start 1 0.62) (end 1 -0.62) (layer B.Fab) (width 0.1))
    (fp_line (start -1 0.62) (end 1 0.62) (layer B.Fab) (width 0.1))
    (fp_line (start 0.5 0.85) (end -0.5 0.85) (layer B.SilkS) (width 0.12))
    (fp_line (start -0.5 -0.85) (end 0.5 -0.85) (layer B.SilkS) (width 0.12))
    (fp_line (start -2.25 0.88) (end 2.25 0.88) (layer B.CrtYd) (width 0.05))
    (fp_line (start -2.25 0.88) (end -2.25 -0.87) (layer B.CrtYd) (width 0.05))
    (fp_line (start 2.25 -0.87) (end 2.25 0.88) (layer B.CrtYd) (width 0.05))
    (fp_line (start 2.25 -0.87) (end -2.25 -0.87) (layer B.CrtYd) (width 0.05))
    (pad 1 smd rect (at -1.25 0 180) (size 1.5 1.25) (layers B.Cu B.Paste B.Mask)
      (net 10 +1V8))
    (pad 2 smd rect (at 1.25 0 180) (size 1.5 1.25) (layers B.Cu B.Paste B.Mask)
      (net 9 GND))
    (model Capacitors_SMD.3dshapes/C_0805.wrl
      (at (xyz 0 0 0))
      (scale (xyz 1 1 1))
      (rotate (xyz 0 0 0))
    )
  )

  (module Capacitors_SMD:C_0805_HandSoldering (layer B.Cu) (tedit 58AA84A8) (tstamp 5B0B1DAC)
    (at 103.505 82.55 180)
    (descr "Capacitor SMD 0805, hand soldering")
    (tags "capacitor 0805")
    (path /5AE7C48D)
    (attr smd)
    (fp_text reference C13 (at 3.81 0 180) (layer B.SilkS)
      (effects (font (size 1 1) (thickness 0.15)) (justify mirror))
    )
    (fp_text value 150pf (at 0 -1.75 180) (layer B.Fab)
      (effects (font (size 1 1) (thickness 0.15)) (justify mirror))
    )
    (fp_line (start 2.25 -0.87) (end -2.25 -0.87) (layer B.CrtYd) (width 0.05))
    (fp_line (start 2.25 -0.87) (end 2.25 0.88) (layer B.CrtYd) (width 0.05))
    (fp_line (start -2.25 0.88) (end -2.25 -0.87) (layer B.CrtYd) (width 0.05))
    (fp_line (start -2.25 0.88) (end 2.25 0.88) (layer B.CrtYd) (width 0.05))
    (fp_line (start -0.5 -0.85) (end 0.5 -0.85) (layer B.SilkS) (width 0.12))
    (fp_line (start 0.5 0.85) (end -0.5 0.85) (layer B.SilkS) (width 0.12))
    (fp_line (start -1 0.62) (end 1 0.62) (layer B.Fab) (width 0.1))
    (fp_line (start 1 0.62) (end 1 -0.62) (layer B.Fab) (width 0.1))
    (fp_line (start 1 -0.62) (end -1 -0.62) (layer B.Fab) (width 0.1))
    (fp_line (start -1 -0.62) (end -1 0.62) (layer B.Fab) (width 0.1))
    (fp_text user %R (at 0 1.75 180) (layer B.Fab)
      (effects (font (size 1 1) (thickness 0.15)) (justify mirror))
    )
    (pad 2 smd rect (at 1.25 0 180) (size 1.5 1.25) (layers B.Cu B.Paste B.Mask)
      (net 18 "Net-(C13-Pad2)"))
    (pad 1 smd rect (at -1.25 0 180) (size 1.5 1.25) (layers B.Cu B.Paste B.Mask)
      (net 9 GND))
    (model Capacitors_SMD.3dshapes/C_0805.wrl
      (at (xyz 0 0 0))
      (scale (xyz 1 1 1))
      (rotate (xyz 0 0 0))
    )
  )

  (module Capacitors_SMD:C_0805_HandSoldering (layer B.Cu) (tedit 58AA84A8) (tstamp 5B0B18D5)
    (at 88.88 81.915 180)
    (descr "Capacitor SMD 0805, hand soldering")
    (tags "capacitor 0805")
    (path /5AE7093D)
    (attr smd)
    (fp_text reference C14 (at -3.83 0 180) (layer B.SilkS)
      (effects (font (size 1 1) (thickness 0.15)) (justify mirror))
    )
    (fp_text value 10uf (at 0 -1.75 180) (layer B.Fab)
      (effects (font (size 1 1) (thickness 0.15)) (justify mirror))
    )
    (fp_text user %R (at 0 1.75 180) (layer B.Fab)
      (effects (font (size 1 1) (thickness 0.15)) (justify mirror))
    )
    (fp_line (start -1 -0.62) (end -1 0.62) (layer B.Fab) (width 0.1))
    (fp_line (start 1 -0.62) (end -1 -0.62) (layer B.Fab) (width 0.1))
    (fp_line (start 1 0.62) (end 1 -0.62) (layer B.Fab) (width 0.1))
    (fp_line (start -1 0.62) (end 1 0.62) (layer B.Fab) (width 0.1))
    (fp_line (start 0.5 0.85) (end -0.5 0.85) (layer B.SilkS) (width 0.12))
    (fp_line (start -0.5 -0.85) (end 0.5 -0.85) (layer B.SilkS) (width 0.12))
    (fp_line (start -2.25 0.88) (end 2.25 0.88) (layer B.CrtYd) (width 0.05))
    (fp_line (start -2.25 0.88) (end -2.25 -0.87) (layer B.CrtYd) (width 0.05))
    (fp_line (start 2.25 -0.87) (end 2.25 0.88) (layer B.CrtYd) (width 0.05))
    (fp_line (start 2.25 -0.87) (end -2.25 -0.87) (layer B.CrtYd) (width 0.05))
    (pad 1 smd rect (at -1.25 0 180) (size 1.5 1.25) (layers B.Cu B.Paste B.Mask)
      (net 10 +1V8))
    (pad 2 smd rect (at 1.25 0 180) (size 1.5 1.25) (layers B.Cu B.Paste B.Mask)
      (net 9 GND))
    (model Capacitors_SMD.3dshapes/C_0805.wrl
      (at (xyz 0 0 0))
      (scale (xyz 1 1 1))
      (rotate (xyz 0 0 0))
    )
  )

  (module Capacitors_SMD:C_0805_HandSoldering (layer B.Cu) (tedit 58AA84A8) (tstamp 5B0B1947)
    (at 103.485 80.01 180)
    (descr "Capacitor SMD 0805, hand soldering")
    (tags "capacitor 0805")
    (path /5AE7BA08)
    (attr smd)
    (fp_text reference C15 (at -0.02 1.905 180) (layer B.SilkS)
      (effects (font (size 1 1) (thickness 0.15)) (justify mirror))
    )
    (fp_text value 150pf (at 0 -1.75 180) (layer B.Fab)
      (effects (font (size 1 1) (thickness 0.15)) (justify mirror))
    )
    (fp_text user %R (at 0 1.75 180) (layer B.Fab)
      (effects (font (size 1 1) (thickness 0.15)) (justify mirror))
    )
    (fp_line (start -1 -0.62) (end -1 0.62) (layer B.Fab) (width 0.1))
    (fp_line (start 1 -0.62) (end -1 -0.62) (layer B.Fab) (width 0.1))
    (fp_line (start 1 0.62) (end 1 -0.62) (layer B.Fab) (width 0.1))
    (fp_line (start -1 0.62) (end 1 0.62) (layer B.Fab) (width 0.1))
    (fp_line (start 0.5 0.85) (end -0.5 0.85) (layer B.SilkS) (width 0.12))
    (fp_line (start -0.5 -0.85) (end 0.5 -0.85) (layer B.SilkS) (width 0.12))
    (fp_line (start -2.25 0.88) (end 2.25 0.88) (layer B.CrtYd) (width 0.05))
    (fp_line (start -2.25 0.88) (end -2.25 -0.87) (layer B.CrtYd) (width 0.05))
    (fp_line (start 2.25 -0.87) (end 2.25 0.88) (layer B.CrtYd) (width 0.05))
    (fp_line (start 2.25 -0.87) (end -2.25 -0.87) (layer B.CrtYd) (width 0.05))
    (pad 1 smd rect (at -1.25 0 180) (size 1.5 1.25) (layers B.Cu B.Paste B.Mask)
      (net 9 GND))
    (pad 2 smd rect (at 1.25 0 180) (size 1.5 1.25) (layers B.Cu B.Paste B.Mask)
      (net 19 "Net-(C15-Pad2)"))
    (model Capacitors_SMD.3dshapes/C_0805.wrl
      (at (xyz 0 0 0))
      (scale (xyz 1 1 1))
      (rotate (xyz 0 0 0))
    )
  )

  (module Capacitors_SMD:C_0805_HandSoldering (layer B.Cu) (tedit 58AA84A8) (tstamp 5B0B1DED)
    (at 103.485 85.09 180)
    (descr "Capacitor SMD 0805, hand soldering")
    (tags "capacitor 0805")
    (path /5AE7B0B3)
    (attr smd)
    (fp_text reference C16 (at 3.79 0 180) (layer B.SilkS)
      (effects (font (size 1 1) (thickness 0.15)) (justify mirror))
    )
    (fp_text value 1uf (at 0 -1.75 180) (layer B.Fab)
      (effects (font (size 1 1) (thickness 0.15)) (justify mirror))
    )
    (fp_line (start 2.25 -0.87) (end -2.25 -0.87) (layer B.CrtYd) (width 0.05))
    (fp_line (start 2.25 -0.87) (end 2.25 0.88) (layer B.CrtYd) (width 0.05))
    (fp_line (start -2.25 0.88) (end -2.25 -0.87) (layer B.CrtYd) (width 0.05))
    (fp_line (start -2.25 0.88) (end 2.25 0.88) (layer B.CrtYd) (width 0.05))
    (fp_line (start -0.5 -0.85) (end 0.5 -0.85) (layer B.SilkS) (width 0.12))
    (fp_line (start 0.5 0.85) (end -0.5 0.85) (layer B.SilkS) (width 0.12))
    (fp_line (start -1 0.62) (end 1 0.62) (layer B.Fab) (width 0.1))
    (fp_line (start 1 0.62) (end 1 -0.62) (layer B.Fab) (width 0.1))
    (fp_line (start 1 -0.62) (end -1 -0.62) (layer B.Fab) (width 0.1))
    (fp_line (start -1 -0.62) (end -1 0.62) (layer B.Fab) (width 0.1))
    (fp_text user %R (at 0 1.75 180) (layer B.Fab)
      (effects (font (size 1 1) (thickness 0.15)) (justify mirror))
    )
    (pad 2 smd rect (at 1.25 0 180) (size 1.5 1.25) (layers B.Cu B.Paste B.Mask)
      (net 20 "Net-(C16-Pad2)"))
    (pad 1 smd rect (at -1.25 0 180) (size 1.5 1.25) (layers B.Cu B.Paste B.Mask)
      (net 9 GND))
    (model Capacitors_SMD.3dshapes/C_0805.wrl
      (at (xyz 0 0 0))
      (scale (xyz 1 1 1))
      (rotate (xyz 0 0 0))
    )
  )

  (module Capacitors_SMD:C_0805_HandSoldering (layer B.Cu) (tedit 58AA84A8) (tstamp 5B0B1B3F)
    (at 103.485 87.63 180)
    (descr "Capacitor SMD 0805, hand soldering")
    (tags "capacitor 0805")
    (path /5AE7A860)
    (attr smd)
    (fp_text reference C17 (at 3.79 0 180) (layer B.SilkS)
      (effects (font (size 1 1) (thickness 0.15)) (justify mirror))
    )
    (fp_text value 10uf (at 0 -1.75 180) (layer B.Fab)
      (effects (font (size 1 1) (thickness 0.15)) (justify mirror))
    )
    (fp_line (start 2.25 -0.87) (end -2.25 -0.87) (layer B.CrtYd) (width 0.05))
    (fp_line (start 2.25 -0.87) (end 2.25 0.88) (layer B.CrtYd) (width 0.05))
    (fp_line (start -2.25 0.88) (end -2.25 -0.87) (layer B.CrtYd) (width 0.05))
    (fp_line (start -2.25 0.88) (end 2.25 0.88) (layer B.CrtYd) (width 0.05))
    (fp_line (start -0.5 -0.85) (end 0.5 -0.85) (layer B.SilkS) (width 0.12))
    (fp_line (start 0.5 0.85) (end -0.5 0.85) (layer B.SilkS) (width 0.12))
    (fp_line (start -1 0.62) (end 1 0.62) (layer B.Fab) (width 0.1))
    (fp_line (start 1 0.62) (end 1 -0.62) (layer B.Fab) (width 0.1))
    (fp_line (start 1 -0.62) (end -1 -0.62) (layer B.Fab) (width 0.1))
    (fp_line (start -1 -0.62) (end -1 0.62) (layer B.Fab) (width 0.1))
    (fp_text user %R (at 0 1.75 180) (layer B.Fab)
      (effects (font (size 1 1) (thickness 0.15)) (justify mirror))
    )
    (pad 2 smd rect (at 1.25 0 180) (size 1.5 1.25) (layers B.Cu B.Paste B.Mask)
      (net 21 "Net-(C17-Pad2)"))
    (pad 1 smd rect (at -1.25 0 180) (size 1.5 1.25) (layers B.Cu B.Paste B.Mask)
      (net 9 GND))
    (model Capacitors_SMD.3dshapes/C_0805.wrl
      (at (xyz 0 0 0))
      (scale (xyz 1 1 1))
      (rotate (xyz 0 0 0))
    )
  )

  (module audio:SJ-3524-SMT_Stereo_Jack (layer F.Cu) (tedit 548A0FFE) (tstamp 5B0B2881)
    (at 95.885 104.14)
    (path /5AE9ECDD)
    (attr smd)
    (fp_text reference J20 (at 0 0) (layer F.SilkS)
      (effects (font (size 0.762 0.7112) (thickness 0.1778)))
    )
    (fp_text value SJ-3524 (at 11.16076 -1.36652 90) (layer F.SilkS)
      (effects (font (size 0.762 0.7112) (thickness 0.1778)))
    )
    (fp_line (start -6.79958 -1.80086) (end -9.29894 -1.80086) (layer F.SilkS) (width 0.2032))
    (fp_line (start -9.29894 -1.80086) (end -9.29894 1.80086) (layer F.SilkS) (width 0.2032))
    (fp_line (start -9.29894 1.80086) (end -6.79958 1.80086) (layer F.SilkS) (width 0.2032))
    (fp_line (start 7.50062 -2.49936) (end -1.19888 -2.49936) (layer F.SilkS) (width 0.2032))
    (fp_line (start 7.50062 2.49936) (end 6.4008 2.49936) (layer F.SilkS) (width 0.2032))
    (fp_line (start 7.50062 0.8001) (end 7.50062 2.49936) (layer F.SilkS) (width 0.2032))
    (fp_line (start 7.50062 -2.49936) (end 7.50062 -2.19964) (layer F.SilkS) (width 0.2032))
    (fp_line (start 3.40106 2.49936) (end -3.40106 2.49936) (layer F.SilkS) (width 0.2032))
    (fp_line (start -6.79958 2.30124) (end -5.79882 2.30124) (layer F.SilkS) (width 0.2032))
    (fp_line (start -6.79958 -2.30124) (end -3.59918 -2.30124) (layer F.SilkS) (width 0.2032))
    (fp_line (start -6.79958 -2.30124) (end -6.79958 2.30124) (layer F.SilkS) (width 0.2032))
    (pad 5 thru_hole circle (at -3.50012 0) (size 2.1082 2.1082) (drill 1.7018) (layers *.Cu *.Mask))
    (pad 5 thru_hole circle (at 3.50012 0) (size 2.1082 2.1082) (drill 1.7018) (layers *.Cu *.Mask))
    (pad 1 smd rect (at -4.59994 3.35026) (size 2.19964 2.60096) (layers F.Cu F.Paste F.Mask)
      (net 9 GND))
    (pad 2 smd rect (at 4.89966 3.59918) (size 2.54 2.794) (layers F.Cu F.Paste F.Mask)
      (net 17 "Net-(C9-Pad2)"))
    (pad 3 smd rect (at -2.49174 -3.33502) (size 1.89992 2.54) (layers F.Cu F.Paste F.Mask)
      (net 14 "Net-(C8-Pad2)"))
    (pad 4 smd rect (at 8.8011 -0.70104 90) (size 2.79908 2.99974) (layers F.Cu F.Paste F.Mask)
      (net 22 "Net-(J20-Pad4)"))
  )

  (module connector:Conn_1pin_2.54mm (layer F.Cu) (tedit 5B0B68E7) (tstamp 5AE6830B)
    (at 83.82 83.82)
    (path /5AE94DD9)
    (fp_text reference LRCK (at 2.54 0) (layer F.SilkS)
      (effects (font (size 0.5 0.5) (thickness 0.05)))
    )
    (fp_text value LRCK (at 0 -2.54) (layer F.Fab)
      (effects (font (size 1 1) (thickness 0.15)))
    )
