(kicad_pcb (version 20171130) (host pcbnew 6.0.0-rc1-unknown-f9f87b3~84~ubuntu18.04.1)

  (general
    (thickness 1.6)
    (drawings 4)
    (tracks 1)
    (zones 0)
    (modules 36)
    (nets 57)
  )

  (page A4)
  (layers
    (0 F.Cu signal)
    (31 B.Cu signal)
    (32 B.Adhes user)
    (33 F.Adhes user)
    (34 B.Paste user)
    (35 F.Paste user)
    (36 B.SilkS user)
    (37 F.SilkS user)
    (38 B.Mask user)
    (39 F.Mask user)
    (40 Dwgs.User user)
    (41 Cmts.User user)
    (42 Eco1.User user)
    (43 Eco2.User user)
    (44 Edge.Cuts user)
    (45 Margin user)
    (46 B.CrtYd user)
    (47 F.CrtYd user)
    (48 B.Fab user)
    (49 F.Fab user)
  )

  (setup
    (last_trace_width 0.127)
    (user_trace_width 0.0889)
    (user_trace_width 0.127)
    (trace_clearance 0.25)
    (zone_clearance 0.508)
    (zone_45_only no)
    (trace_min 0.0889)
    (via_size 0.8)
    (via_drill 0.4)
    (via_min_size 0.6)
    (via_min_drill 0.2)
    (user_via 0.6 0.2)
    (uvia_size 0.3)
    (uvia_drill 0.1)
    (uvias_allowed no)
    (uvia_min_size 0.2)
    (uvia_min_drill 0.1)
    (edge_width 0.05)
    (segment_width 0.2)
    (pcb_text_width 0.3)
    (pcb_text_size 1.5 1.5)
    (mod_edge_width 0.12)
    (mod_text_size 1 1)
    (mod_text_width 0.15)
    (pad_size 1.524 1.524)
    (pad_drill 0.762)
    (pad_to_mask_clearance 0.05)
    (solder_mask_min_width 0.25)
    (aux_axis_origin 0 0)
    (visible_elements FFFFEF7F)
    (pcbplotparams
      (layerselection 0x010fc_ffffffff)
      (usegerberextensions false)
      (usegerberattributes false)
      (usegerberadvancedattributes false)
      (creategerberjobfile false)
      (excludeedgelayer true)
      (linewidth 0.100000)
      (plotframeref false)
      (viasonmask false)
      (mode 1)
      (useauxorigin false)
      (hpglpennumber 1)
      (hpglpenspeed 20)
      (hpglpendiameter 15.000000)
      (psnegative false)
      (psa4output false)
      (plotreference true)
      (plotvalue true)
      (plotinvisibletext false)
      (padsonsilk false)
      (subtractmaskfromsilk false)
      (outputformat 1)
      (mirror false)
      (drillshape 1)
      (scaleselection 1)
      (outputdirectory ""))
  )

  (net 0 "")
  (net 1 +3V3)
  (net 2 "Net-(C1-Pad1)")
  (net 3 "Net-(C2-Pad1)")
  (net 4 "Net-(C3-Pad1)")
  (net 5 "Net-(C6-Pad1)")
  (net 6 "Net-(C10-Pad1)")
  (net 7 "Net-(D1-Pad1)")
  (net 8 /PA20)
  (net 9 /MOSI)
  (net 10 "Net-(D2-Pad6)")
  (net 11 "Net-(D2-Pad5)")
  (net 12 +5V)
  (net 13 /SCK)
  (net 14 "Net-(D3-Pad5)")
  (net 15 "Net-(D3-Pad6)")
  (net 16 "Net-(F1-Pad2)")
  (net 17 "Net-(J1-Pad4)")
  (net 18 "Net-(J1-Pad3)")
  (net 19 "Net-(J1-Pad2)")
  (net 20 "Net-(L1-Pad1)")
  (net 21 "Net-(R3-Pad2)")
  (net 22 "Net-(R4-Pad2)")
  (net 23 "Net-(R5-Pad2)")
  (net 24 "Net-(R6-Pad2)")
  (net 25 "Net-(R7-Pad2)")
  (net 26 "Net-(U2-Pad3)")
  (net 27 "Net-(U2-Pad4)")
  (net 28 "Net-(U2-Pad7)")
  (net 29 "Net-(U2-Pad8)")
  (net 30 "Net-(U2-Pad9)")
  (net 31 "Net-(U2-Pad10)")
  (net 32 "Net-(U2-Pad11)")
  (net 33 "Net-(U2-Pad12)")
  (net 34 "Net-(U2-Pad20)")
  (net 35 "Net-(U2-Pad23)")
  (net 36 "Net-(U2-Pad24)")
  (net 37 "Net-(U2-Pad25)")
  (net 38 "Net-(U2-Pad26)")
  (net 39 "Net-(U2-Pad27)")
  (net 40 "Net-(U2-Pad28)")
  (net 41 "Net-(U2-Pad30)")
  (net 42 "Net-(U2-Pad31)")
  (net 43 "Net-(U2-Pad32)")
  (net 44 "Net-(U2-Pad37)")
  (net 45 "Net-(U2-Pad38)")
  (net 46 "Net-(U2-Pad39)")
  (net 47 "Net-(U2-Pad45)")
  (net 48 "Net-(U2-Pad46)")
  (net 49 "Net-(U2-Pad47)")
  (net 50 "Net-(U2-Pad48)")
  (net 51 "Net-(U3-PadB3)")
  (net 52 "Net-(U3-PadB4)")
  (net 53 "Net-(U3-PadB5)")
  (net 54 "Net-(U3-PadH5)")
  (net 55 "Net-(U3-PadK5)")
  (net 56 "Net-(U3-PadB6)")

  (net_class Default "This is the default net class."
    (clearance 0.25)
    (trace_width 0.25)
    (via_dia 0.8)
    (via_drill 0.4)
    (uvia_dia 0.3)
    (uvia_drill 0.1)
    (add_net +3V3)
    (add_net +5V)
    (add_net /MOSI)
    (add_net /PA20)
    (add_net /SCK)
    (add_net "Net-(C1-Pad1)")
    (add_net "Net-(C10-Pad1)")
    (add_net "Net-(C2-Pad1)")
    (add_net "Net-(C3-Pad1)")
    (add_net "Net-(C6-Pad1)")
    (add_net "Net-(D1-Pad1)")
    (add_net "Net-(D2-Pad5)")
    (add_net "Net-(D2-Pad6)")
    (add_net "Net-(D3-Pad5)")
    (add_net "Net-(D3-Pad6)")
    (add_net "Net-(F1-Pad2)")
    (add_net "Net-(J1-Pad2)")
    (add_net "Net-(J1-Pad3)")
    (add_net "Net-(J1-Pad4)")
    (add_net "Net-(L1-Pad1)")
    (add_net "Net-(R3-Pad2)")
    (add_net "Net-(R4-Pad2)")
    (add_net "Net-(R5-Pad2)")
    (add_net "Net-(R6-Pad2)")
    (add_net "Net-(R7-Pad2)")
    (add_net "Net-(U2-Pad10)")
    (add_net "Net-(U2-Pad11)")
    (add_net "Net-(U2-Pad12)")
    (add_net "Net-(U2-Pad20)")
    (add_net "Net-(U2-Pad23)")
    (add_net "Net-(U2-Pad24)")
    (add_net "Net-(U2-Pad25)")
    (add_net "Net-(U2-Pad26)")
    (add_net "Net-(U2-Pad27)")
    (add_net "Net-(U2-Pad28)")
    (add_net "Net-(U2-Pad3)")
    (add_net "Net-(U2-Pad30)")
    (add_net "Net-(U2-Pad31)")
    (add_net "Net-(U2-Pad32)")
    (add_net "Net-(U2-Pad37)")
    (add_net "Net-(U2-Pad38)")
    (add_net "Net-(U2-Pad39)")
    (add_net "Net-(U2-Pad4)")
    (add_net "Net-(U2-Pad45)")
    (add_net "Net-(U2-Pad46)")
    (add_net "Net-(U2-Pad47)")
    (add_net "Net-(U2-Pad48)")
    (add_net "Net-(U2-Pad7)")
    (add_net "Net-(U2-Pad8)")
    (add_net "Net-(U2-Pad9)")
    (add_net "Net-(U3-PadB3)")
    (add_net "Net-(U3-PadB4)")
    (add_net "Net-(U3-PadB5)")
    (add_net "Net-(U3-PadB6)")
    (add_net "Net-(U3-PadH5)")
    (add_net "Net-(U3-PadK5)")
  )

  (module Custom_BGA:FBGA-153_14x14_11.5x13.0mm (layer F.Cu) (tedit 5C437F06) (tstamp 5C4CC735)
    (at 71.12 58.42)
    (tags eMMC)
    (path /5C43BCCB)
    (attr smd)
    (fp_text reference U3 (at 0 -7.5) (layer F.SilkS)
      (effects (font (size 1 1) (thickness 0.15)))
    )
    (fp_text value IS21ES (at 0 7.5) (layer F.Fab)
      (effects (font (size 1 1) (thickness 0.15)))
    )
    (fp_line (start -4.75 -6.5) (end -5.75 -5.5) (layer F.Fab) (width 0.1))
    (fp_line (start -5.75 -5.5) (end -5.75 6.5) (layer F.Fab) (width 0.1))
    (fp_line (start -5.75 6.5) (end 5.75 6.5) (layer F.Fab) (width 0.1))
    (fp_line (start 5.75 6.5) (end 5.75 -6.5) (layer F.Fab) (width 0.1))
    (fp_line (start 5.75 -6.5) (end -4.75 -6.5) (layer F.Fab) (width 0.1))
    (fp_line (start 2.995 -6.62) (end 5.87 -6.62) (layer F.SilkS) (width 0.12))
    (fp_line (start 5.87 -6.62) (end 5.87 -3.37) (layer F.SilkS) (width 0.12))
    (fp_line (start 2.995 -6.62) (end 5.87 -6.62) (layer F.SilkS) (width 0.12))
    (fp_line (start 5.87 -6.62) (end 5.87 -3.37) (layer F.SilkS) (width 0.12))
    (fp_line (start 2.995 6.62) (end 5.87 6.62) (layer F.SilkS) (width 0.12))
    (fp_line (start 5.87 6.62) (end 5.87 3.37) (layer F.SilkS) (width 0.12))
    (fp_line (start 2.995 -6.62) (end 5.87 -6.62) (layer F.SilkS) (width 0.12))
    (fp_line (start 5.87 -6.62) (end 5.87 -3.37) (layer F.SilkS) (width 0.12))
    (fp_line (start -2.995 6.62) (end -5.87 6.62) (layer F.SilkS) (width 0.12))
    (fp_line (start -5.87 6.62) (end -5.87 3.37) (layer F.SilkS) (width 0.12))
    (fp_line (start -2.995 -6.62) (end -4.75 -6.62) (layer F.SilkS) (width 0.12))
    (fp_line (start -4.75 -6.62) (end -5.87 -5.5) (layer F.SilkS) (width 0.12))
    (fp_line (start -5.87 -5.5) (end -5.87 -3.37) (layer F.SilkS) (width 0.12))
    (fp_circle (center -5.75 -6.5) (end -5.75 -6.4) (layer F.SilkS) (width 0.2))
    (fp_line (start -6 -6.75) (end 6 -6.75) (layer F.CrtYd) (width 0.05))
    (fp_line (start 6 -6.75) (end 6 6.75) (layer F.CrtYd) (width 0.05))
    (fp_line (start 6 6.75) (end -6 6.75) (layer F.CrtYd) (width 0.05))
    (fp_line (start -6 6.75) (end -6 -6.75) (layer F.CrtYd) (width 0.05))
    (pad A1 smd circle (at -3.25 -3.25) (size 0.3 0.3) (layers F.Cu F.Paste F.Mask))
    (pad B1 smd circle (at -3.25 -2.75) (size 0.3 0.3) (layers F.Cu F.Paste F.Mask))
    (pad C1 smd circle (at -3.25 -2.25) (size 0.3 0.3) (layers F.Cu F.Paste F.Mask))
    (pad D1 smd circle (at -3.25 -1.75) (size 0.3 0.3) (layers F.Cu F.Paste F.Mask))
    (pad E1 smd circle (at -3.25 -1.25) (size 0.3 0.3) (layers F.Cu F.Paste F.Mask))
    (pad F1 smd circle (at -3.25 -0.75) (size 0.3 0.3) (layers F.Cu F.Paste F.Mask))
    (pad G1 smd circle (at -3.25 -0.25) (size 0.3 0.3) (layers F.Cu F.Paste F.Mask))
    (pad H1 smd circle (at -3.25 0.25) (size 0.3 0.3) (layers F.Cu F.Paste F.Mask))
    (pad J1 smd circle (at -3.25 0.75) (size 0.3 0.3) (layers F.Cu F.Paste F.Mask))
    (pad K1 smd circle (at -3.25 1.25) (size 0.3 0.3) (layers F.Cu F.Paste F.Mask))
    (pad L1 smd circle (at -3.25 1.75) (size 0.3 0.3) (layers F.Cu F.Paste F.Mask))
    (pad M1 smd circle (at -3.25 2.25) (size 0.3 0.3) (layers F.Cu F.Paste F.Mask))
    (pad N1 smd circle (at -3.25 2.75) (size 0.3 0.3) (layers F.Cu F.Paste F.Mask))
    (pad P1 smd circle (at -3.25 3.25) (size 0.3 0.3) (layers F.Cu F.Paste F.Mask))
    (pad A2 smd circle (at -2.75 -3.25) (size 0.3 0.3) (layers F.Cu F.Paste F.Mask))
    (pad B2 smd circle (at -2.75 -2.75) (size 0.3 0.3) (layers F.Cu F.Paste F.Mask)
      (net 25 "Net-(R7-Pad2)"))
    (pad C2 smd circle (at -2.75 -2.25) (size 0.3 0.3) (layers F.Cu F.Paste F.Mask)
      (net 6 "Net-(C10-Pad1)"))
    (pad D2 smd circle (at -2.75 -1.75) (size 0.3 0.3) (layers F.Cu F.Paste F.Mask))
    (pad E2 smd circle (at -2.75 -1.25) (size 0.3 0.3) (layers F.Cu F.Paste F.Mask))
    (pad F2 smd circle (at -2.75 -0.75) (size 0.3 0.3) (layers F.Cu F.Paste F.Mask))
    (pad G2 smd circle (at -2.75 -0.25) (size 0.3 0.3) (layers F.Cu F.Paste F.Mask))
    (pad H2 smd circle (at -2.75 0.25) (size 0.3 0.3) (layers F.Cu F.Paste F.Mask))
    (pad J2 smd circle (at -2.75 0.75) (size 0.3 0.3) (layers F.Cu F.Paste F.Mask))
    (pad K2 smd circle (at -2.75 1.25) (size 0.3 0.3) (layers F.Cu F.Paste F.Mask))
    (pad L2 smd circle (at -2.75 1.75) (size 0.3 0.3) (layers F.Cu F.Paste F.Mask))
    (pad M2 smd circle (at -2.75 2.25) (size 0.3 0.3) (layers F.Cu F.Paste F.Mask))
    (pad N2 smd circle (at -2.75 2.75) (size 0.3 0.3) (layers F.Cu F.Paste F.Mask)
      (net 1 +3V3))
    (pad P2 smd circle (at -2.75 3.25) (size 0.3 0.3) (layers F.Cu F.Paste F.Mask))
    (pad A3 smd circle (at -2.25 -3.25) (size 0.3 0.3) (layers F.Cu F.Paste F.Mask)
      (net 21 "Net-(R3-Pad2)"))
    (pad B3 smd circle (at -2.25 -2.75) (size 0.3 0.3) (layers F.Cu F.Paste F.Mask)
      (net 51 "Net-(U3-PadB3)"))
    (pad C3 smd circle (at -2.25 -2.25) (size 0.3 0.3) (layers F.Cu F.Paste F.Mask))
    (pad D3 smd circle (at -2.25 -1.75) (size 0.3 0.3) (layers F.Cu F.Paste F.Mask))
    (pad E3 smd circle (at -2.25 -1.25) (size 0.3 0.3) (layers F.Cu F.Paste F.Mask))
    (pad F3 smd circle (at -2.25 -0.75) (size 0.3 0.3) (layers F.Cu F.Paste F.Mask))
    (pad G3 smd circle (at -2.25 -0.25) (size 0.3 0.3) (layers F.Cu F.Paste F.Mask))
    (pad H3 smd circle (at -2.25 0.25) (size 0.3 0.3) (layers F.Cu F.Paste F.Mask))
    (pad J3 smd circle (at -2.25 0.75) (size 0.3 0.3) (layers F.Cu F.Paste F.Mask))
    (pad K3 smd circle (at -2.25 1.25) (size 0.3 0.3) (layers F.Cu F.Paste F.Mask))
    (pad L3 smd circle (at -2.25 1.75) (size 0.3 0.3) (layers F.Cu F.Paste F.Mask))
    (pad M3 smd circle (at -2.25 2.25) (size 0.3 0.3) (layers F.Cu F.Paste F.Mask))
    (pad N3 smd circle (at -2.25 2.75) (size 0.3 0.3) (layers F.Cu F.Paste F.Mask))
    (pad P3 smd circle (at -2.25 3.25) (size 0.3 0.3) (layers F.Cu F.Paste F.Mask)
      (net 1 +3V3))
    (pad A4 smd circle (at -1.75 -3.25) (size 0.3 0.3) (layers F.Cu F.Paste F.Mask)
      (net 22 "Net-(R4-Pad2)"))
    (pad B4 smd circle (at -1.75 -2.75) (size 0.3 0.3) (layers F.Cu F.Paste F.Mask)
      (net 52 "Net-(U3-PadB4)"))
    (pad C4 smd circle (at -1.75 -2.25) (size 0.3 0.3) (layers F.Cu F.Paste F.Mask)
      (net 1 +3V3))
    (pad D4 smd circle (at -1.75 -1.75) (size 0.3 0.3) (layers F.Cu F.Paste F.Mask))
    (pad M4 smd circle (at -1.75 2.25) (size 0.3 0.3) (layers F.Cu F.Paste F.Mask)
      (net 1 +3V3))
    (pad N4 smd circle (at -1.75 2.75) (size 0.3 0.3) (layers F.Cu F.Paste F.Mask)
      (net 1 +3V3))
    (pad P4 smd circle (at -1.75 3.25) (size 0.3 0.3) (layers F.Cu F.Paste F.Mask)
      (net 1 +3V3))
    (pad A5 smd circle (at -1.25 -3.25) (size 0.3 0.3) (layers F.Cu F.Paste F.Mask)
      (net 23 "Net-(R5-Pad2)"))
    (pad B5 smd circle (at -1.25 -2.75) (size 0.3 0.3) (layers F.Cu F.Paste F.Mask)
      (net 53 "Net-(U3-PadB5)"))
    (pad C5 smd circle (at -1.25 -2.25) (size 0.3 0.3) (layers F.Cu F.Paste F.Mask))
    (pad E5 smd circle (at -1.25 -1.25) (size 0.3 0.3) (layers F.Cu F.Paste F.Mask))
    (pad F5 smd circle (at -1.25 -0.75) (size 0.3 0.3) (layers F.Cu F.Paste F.Mask)
      (net 1 +3V3))
    (pad G5 smd circle (at -1.25 -0.25) (size 0.3 0.3) (layers F.Cu F.Paste F.Mask)
      (net 1 +3V3))
    (pad H5 smd circle (at -1.25 0.25) (size 0.3 0.3) (layers F.Cu F.Paste F.Mask)
      (net 54 "Net-(U3-PadH5)"))
    (pad J5 smd circle (at -1.25 0.75) (size 0.3 0.3) (layers F.Cu F.Paste F.Mask)
      (net 1 +3V3))
    (pad K5 smd circle (at -1.25 1.25) (size 0.3 0.3) (layers F.Cu F.Paste F.Mask)
      (net 55 "Net-(U3-PadK5)"))
    (pad M5 smd circle (at -1.25 2.25) (size 0.3 0.3) (layers F.Cu F.Paste F.Mask)
      (net 24 "Net-(R6-Pad2)"))
    (pad N5 smd circle (at -1.25 2.75) (size 0.3 0.3) (layers F.Cu F.Paste F.Mask)
      (net 1 +3V3))
    (pad P5 smd circle (at -1.25 3.25) (size 0.3 0.3) (layers F.Cu F.Paste F.Mask)
      (net 1 +3V3))
    (pad A6 smd circle (at -0.75 -3.25) (size 0.3 0.3) (layers F.Cu F.Paste F.Mask))
    (pad B6 smd circle (at -0.75 -2.75) (size 0.3 0.3) (layers F.Cu F.Paste F.Mask)
      (net 56 "Net-(U3-PadB6)"))
    (pad C6 smd circle (at -0.75 -2.25) (size 0.3 0.3) (layers F.Cu F.Paste F.Mask)
      (net 1 +3V3))
    (pad E6 smd circle (at -0.75 -1.25) (size 0.3 0.3) (layers F.Cu F.Paste F.Mask)
      (net 1 +3V3))
    (pad K6 smd circle (at -0.75 1.25) (size 0.3 0.3) (layers F.Cu F.Paste F.Mask))
    (pad M6 smd circle (at -0.75 2.25) (size 0.3 0.3) (layers F.Cu F.Paste F.Mask)
      (net 34 "Net-(U2-Pad20)"))
    (pad N6 smd circle (at -0.75 2.75) (size 0.3 0.3) (layers F.Cu F.Paste F.Mask))
    (pad P6 smd circle (at -0.75 3.25) (size 0.3 0.3) (layers F.Cu F.Paste F.Mask)
      (net 1 +3V3))
    (pad A7 smd circle (at -0.25 -3.25) (size 0.3 0.3) (layers F.Cu F.Paste F.Mask))
    (pad B7 smd circle (at -0.25 -2.75) (size 0.3 0.3) (layers F.Cu F.Paste F.Mask))
    (pad C7 smd circle (at -0.25 -2.25) (size 0.3 0.3) (layers F.Cu F.Paste F.Mask))
    (pad E7 smd circle (at -0.25 -1.25) (size 0.3 0.3) (layers F.Cu F.Paste F.Mask)
      (net 1 +3V3))
    (pad K7 smd circle (at -0.25 1.25) (size 0.3 0.3) (layers F.Cu F.Paste F.Mask))
    (pad M7 smd circle (at -0.25 2.25) (size 0.3 0.3) (layers F.Cu F.Paste F.Mask))
    (pad N7 smd circle (at -0.25 2.75) (size 0.3 0.3) (layers F.Cu F.Paste F.Mask))
    (pad P7 smd circle (at -0.25 3.25) (size 0.3 0.3) (layers F.Cu F.Paste F.Mask))
    (pad A8 smd circle (at 0.25 -3.25) (size 0.3 0.3) (layers F.Cu F.Paste F.Mask))
    (pad B8 smd circle (at 0.25 -2.75) (size 0.3 0.3) (layers F.Cu F.Paste F.Mask))
    (pad C8 smd circle (at 0.25 -2.25) (size 0.3 0.3) (layers F.Cu F.Paste F.Mask))
    (pad E8 smd circle (at 0.25 -1.25) (size 0.3 0.3) (layers F.Cu F.Paste F.Mask))
    (pad K8 smd circle (at 0.25 1.25) (size 0.3 0.3) (layers F.Cu F.Paste F.Mask)
      (net 1 +3V3))
    (pad M8 smd circle (at 0.25 2.25) (size 0.3 0.3) (layers F.Cu F.Paste F.Mask))
    (pad N8 smd circle (at 0.25 2.75) (size 0.3 0.3) (layers F.Cu F.Paste F.Mask))
    (pad P8 smd circle (at 0.25 3.25) (size 0.3 0.3) (layers F.Cu F.Paste F.Mask))
    (pad A9 smd circle (at 0.75 -3.25) (size 0.3 0.3) (layers F.Cu F.Paste F.Mask))
    (pad B9 smd circle (at 0.75 -2.75) (size 0.3 0.3) (layers F.Cu F.Paste F.Mask))
    (pad C9 smd circle (at 0.75 -2.25) (size 0.3 0.3) (layers F.Cu F.Paste F.Mask))
    (pad E9 smd circle (at 0.75 -1.25) (size 0.3 0.3) (layers F.Cu F.Paste F.Mask))
    (pad K9 smd circle (at 0.75 1.25) (size 0.3 0.3) (layers F.Cu F.Paste F.Mask)
      (net 1 +3V3))
    (pad M9 smd circle (at 0.75 2.25) (size 0.3 0.3) (layers F.Cu F.Paste F.Mask))
    (pad N9 smd circle (at 0.75 2.75) (size 0.3 0.3) (layers F.Cu F.Paste F.Mask))
    (pad P9 smd circle (at 0.75 3.25) (size 0.3 0.3) (layers F.Cu F.Paste F.Mask))
    (pad A10 smd circle (at 1.25 -3.25) (size 0.3 0.3) (layers F.Cu F.Paste F.Mask))
    (pad B10 smd circle (at 1.25 -2.75) (size 0.3 0.3) (layers F.Cu F.Paste F.Mask))
    (pad C10 smd circle (at 1.25 -2.25) (size 0.3 0.3) (layers F.Cu F.Paste F.Mask))
    (pad E10 smd circle (at 1.25 -1.25) (size 0.3 0.3) (layers F.Cu F.Paste F.Mask))
    (pad F10 smd circle (at 1.25 -0.75) (size 0.3 0.3) (layers F.Cu F.Paste F.Mask))
    (pad G10 smd circle (at 1.25 -0.25) (size 0.3 0.3) (layers F.Cu F.Paste F.Mask))
    (pad H10 smd circle (at 1.25 0.25) (size 0.3 0.3) (layers F.Cu F.Paste F.Mask)
      (net 1 +3V3))
    (pad J10 smd circle (at 1.25 0.75) (size 0.3 0.3) (layers F.Cu F.Paste F.Mask)
      (net 1 +3V3))
    (pad K10 smd circle (at 1.25 1.25) (size 0.3 0.3) (layers F.Cu F.Paste F.Mask))
    (pad M10 smd circle (at 1.25 2.25) (size 0.3 0.3) (layers F.Cu F.Paste F.Mask))
    (pad N10 smd circle (at 1.25 2.75) (size 0.3 0.3) (layers F.Cu F.Paste F.Mask))
    (pad P10 smd circle (at 1.25 3.25) (size 0.3 0.3) (layers F.Cu F.Paste F.Mask))
    (pad A11 smd circle (at 1.75 -3.25) (size 0.3 0.3) (layers F.Cu F.Paste F.Mask))
    (pad B11 smd circle (at 1.75 -2.75) (size 0.3 0.3) (layers F.Cu F.Paste F.Mask))
    (pad C11 smd circle (at 1.75 -2.25) (size 0.3 0.3) (layers F.Cu F.Paste F.Mask))
    (pad M11 smd circle (at 1.75 2.25) (size 0.3 0.3) (layers F.Cu F.Paste F.Mask))
    (pad N11 smd circle (at 1.75 2.75) (size 0.3 0.3) (layers F.Cu F.Paste F.Mask))
    (pad P11 smd circle (at 1.75 3.25) (size 0.3 0.3) (layers F.Cu F.Paste F.Mask))
    (pad A12 smd circle (at 2.25 -3.25) (size 0.3 0.3) (layers F.Cu F.Paste F.Mask))
    (pad B12 smd circle (at 2.25 -2.75) (size 0.3 0.3) (layers F.Cu F.Paste F.Mask))
    (pad C12 smd circle (at 2.25 -2.25) (size 0.3 0.3) (layers F.Cu F.Paste F.Mask))
    (pad D12 smd circle (at 2.25 -1.75) (size 0.3 0.3) (layers F.Cu F.Paste F.Mask))
    (pad E12 smd circle (at 2.25 -1.25) (size 0.3 0.3) (layers F.Cu F.Paste F.Mask))
    (pad F12 smd circle (at 2.25 -0.75) (size 0.3 0.3) (layers F.Cu F.Paste F.Mask))
    (pad G12 smd circle (at 2.25 -0.25) (size 0.3 0.3) (layers F.Cu F.Paste F.Mask))
    (pad H12 smd circle (at 2.25 0.25) (size 0.3 0.3) (layers F.Cu F.Paste F.Mask))
    (pad J12 smd circle (at 2.25 0.75) (size 0.3 0.3) (layers F.Cu F.Paste F.Mask))
    (pad K12 smd circle (at 2.25 1.25) (size 0.3 0.3) (layers F.Cu F.Paste F.Mask))
    (pad L12 smd circle (at 2.25 1.75) (size 0.3 0.3) (layers F.Cu F.Paste F.Mask))
    (pad M12 smd circle (at 2.25 2.25) (size 0.3 0.3) (layers F.Cu F.Paste F.Mask))
    (pad N12 smd circle (at 2.25 2.75) (size 0.3 0.3) (layers F.Cu F.Paste F.Mask))
    (pad P12 smd circle (at 2.25 3.25) (size 0.3 0.3) (layers F.Cu F.Paste F.Mask))
    (pad A13 smd circle (at 2.75 -3.25) (size 0.3 0.3) (layers F.Cu F.Paste F.Mask))
    (pad B13 smd circle (at 2.75 -2.75) (size 0.3 0.3) (layers F.Cu F.Paste F.Mask))
    (pad C13 smd circle (at 2.75 -2.25) (size 0.3 0.3) (layers F.Cu F.Paste F.Mask))
    (pad D13 smd circle (at 2.75 -1.75) (size 0.3 0.3) (layers F.Cu F.Paste F.Mask))
    (pad E13 smd circle (at 2.75 -1.25) (size 0.3 0.3) (layers F.Cu F.Paste F.Mask))
    (pad F13 smd circle (at 2.75 -0.75) (size 0.3 0.3) (layers F.Cu F.Paste F.Mask))
    (pad G13 smd circle (at 2.75 -0.25) (size 0.3 0.3) (layers F.Cu F.Paste F.Mask))
    (pad H13 smd circle (at 2.75 0.25) (size 0.3 0.3) (layers F.Cu F.Paste F.Mask))
    (pad J13 smd circle (at 2.75 0.75) (size 0.3 0.3) (layers F.Cu F.Paste F.Mask))
    (pad K13 smd circle (at 2.75 1.25) (size 0.3 0.3) (layers F.Cu F.Paste F.Mask))
    (pad L13 smd circle (at 2.75 1.75) (size 0.3 0.3) (layers F.Cu F.Paste F.Mask))
    (pad M13 smd circle (at 2.75 2.25) (size 0.3 0.3) (layers F.Cu F.Paste F.Mask))
    (pad N13 smd circle (at 2.75 2.75) (size 0.3 0.3) (layers F.Cu F.Paste F.Mask))
    (pad P13 smd circle (at 2.75 3.25) (size 0.3 0.3) (layers F.Cu F.Paste F.Mask))
    (pad A14 smd circle (at 3.25 -3.25) (size 0.3 0.3) (layers F.Cu F.Paste F.Mask))
    (pad B14 smd circle (at 3.25 -2.75) (size 0.3 0.3) (layers F.Cu F.Paste F.Mask))
    (pad C14 smd circle (at 3.25 -2.25) (size 0.3 0.3) (layers F.Cu F.Paste F.Mask))
    (pad D14 smd circle (at 3.25 -1.75) (size 0.3 0.3) (layers F.Cu F.Paste F.Mask))
    (pad E14 smd circle (at 3.25 -1.25) (size 0.3 0.3) (layers F.Cu F.Paste F.Mask))
    (pad F14 smd circle (at 3.25 -0.75) (size 0.3 0.3) (layers F.Cu F.Paste F.Mask))
    (pad G14 smd circle (at 3.25 -0.25) (size 0.3 0.3) (layers F.Cu F.Paste F.Mask))
    (pad H14 smd circle (at 3.25 0.25) (size 0.3 0.3) (layers F.Cu F.Paste F.Mask))
    (pad J14 smd circle (at 3.25 0.75) (size 0.3 0.3) (layers F.Cu F.Paste F.Mask))
    (pad K14 smd circle (at 3.25 1.25) (size 0.3 0.3) (layers F.Cu F.Paste F.Mask))
    (pad L14 smd circle (at 3.25 1.75) (size 0.3 0.3) (layers F.Cu F.Paste F.Mask))
    (pad M14 smd circle (at 3.25 2.25) (size 0.3 0.3) (layers F.Cu F.Paste F.Mask))
    (pad N14 smd circle (at 3.25 2.75) (size 0.3 0.3) (layers F.Cu F.Paste F.Mask))
    (pad P14 smd circle (at 3.25 3.25) (size 0.3 0.3) (layers F.Cu F.Paste F.Mask))
  )

  (module Capacitor_SMD:C_0805_2012Metric (layer F.Cu) (tedit 5B36C52B) (tstamp 5C4CC3E5)
    (at 95.060001 103.620001)
    (descr "Capacitor SMD 0805 (2012 Metric), square (rectangular) end terminal, IPC_7351 nominal, (Body size source: https://docs.google.com/spreadsheets/d/1BsfQQcO9C6DZCsRaXUlFlo91Tg2WpOkGARC1WS5S8t0/edit?usp=sharing), generated with kicad-footprint-generator")
    (tags capacitor)
    (path /5C4CE74A)
    (attr smd)
    (fp_text reference C1 (at 0 -1.65) (layer F.SilkS)
      (effects (font (size 1 1) (thickness 0.15)))
    )
    (fp_text value 22p (at 0 1.65) (layer F.Fab)
      (effects (font (size 1 1) (thickness 0.15)))
    )
    (fp_text user %R (at 0 0) (layer F.Fab)
      (effects (font (size 0.5 0.5) (thickness 0.08)))
    )
    (fp_line (start 1.68 0.95) (end -1.68 0.95) (layer F.CrtYd) (width 0.05))
    (fp_line (start 1.68 -0.95) (end 1.68 0.95) (layer F.CrtYd) (width 0.05))
    (fp_line (start -1.68 -0.95) (end 1.68 -0.95) (layer F.CrtYd) (width 0.05))
    (fp_line (start -1.68 0.95) (end -1.68 -0.95) (layer F.CrtYd) (width 0.05))
    (fp_line (start -0.258578 0.71) (end 0.258578 0.71) (layer F.SilkS) (width 0.12))
    (fp_line (start -0.258578 -0.71) (end 0.258578 -0.71) (layer F.SilkS) (width 0.12))
    (fp_line (start 1 0.6) (end -1 0.6) (layer F.Fab) (width 0.1))
    (fp_line (start 1 -0.6) (end 1 0.6) (layer F.Fab) (width 0.1))
    (fp_line (start -1 -0.6) (end 1 -0.6) (layer F.Fab) (width 0.1))
    (fp_line (start -1 0.6) (end -1 -0.6) (layer F.Fab) (width 0.1))
    (pad 2 smd roundrect (at 0.9375 0) (size 0.975 1.4) (layers F.Cu F.Paste F.Mask) (roundrect_rratio 0.25)
      (net 1 +3V3))
    (pad 1 smd roundrect (at -0.9375 0) (size 0.975 1.4) (layers F.Cu F.Paste F.Mask) (roundrect_rratio 0.25)
      (net 2 "Net-(C1-Pad1)"))
    (model ${KISYS3DMOD}/Capacitor_SMD.3dshapes/C_0805_2012Metric.wrl
      (at (xyz 0 0 0))
      (scale (xyz 1 1 1))
      (rotate (xyz 0 0 0))
    )
  )

  (module Capacitor_SMD:C_0805_2012Metric (layer F.Cu) (tedit 5B36C52B) (tstamp 5C4CC3F6)
    (at 90.010001 113.320001)
    (descr "Capacitor SMD 0805 (2012 Metric), square (rectangular) end terminal, IPC_7351 nominal, (Body size source: https://docs.google.com/spreadsheets/d/1BsfQQcO9C6DZCsRaXUlFlo91Tg2WpOkGARC1WS5S8t0/edit?usp=sharing), generated with kicad-footprint-generator")
    (tags capacitor)
    (path /5C4CF009)
    (attr smd)
    (fp_text reference C2 (at 0 -1.65) (layer F.SilkS)
      (effects (font (size 1 1) (thickness 0.15)))
    )
    (fp_text value 22p (at 0 1.65) (layer F.Fab)
      (effects (font (size 1 1) (thickness 0.15)))
    )
    (fp_line (start -1 0.6) (end -1 -0.6) (layer F.Fab) (width 0.1))
    (fp_line (start -1 -0.6) (end 1 -0.6) (layer F.Fab) (width 0.1))
    (fp_line (start 1 -0.6) (end 1 0.6) (layer F.Fab) (width 0.1))
    (fp_line (start 1 0.6) (end -1 0.6) (layer F.Fab) (width 0.1))
    (fp_line (start -0.258578 -0.71) (end 0.258578 -0.71) (layer F.SilkS) (width 0.12))
    (fp_line (start -0.258578 0.71) (end 0.258578 0.71) (layer F.SilkS) (width 0.12))
    (fp_line (start -1.68 0.95) (end -1.68 -0.95) (layer F.CrtYd) (width 0.05))
    (fp_line (start -1.68 -0.95) (end 1.68 -0.95) (layer F.CrtYd) (width 0.05))
    (fp_line (start 1.68 -0.95) (end 1.68 0.95) (layer F.CrtYd) (width 0.05))
    (fp_line (start 1.68 0.95) (end -1.68 0.95) (layer F.CrtYd) (width 0.05))
    (fp_text user %R (at 0 0) (layer F.Fab)
      (effects (font (size 0.5 0.5) (thickness 0.08)))
    )
    (pad 1 smd roundrect (at -0.9375 0) (size 0.975 1.4) (layers F.Cu F.Paste F.Mask) (roundrect_rratio 0.25)
      (net 3 "Net-(C2-Pad1)"))
    (pad 2 smd roundrect (at 0.9375 0) (size 0.975 1.4) (layers F.Cu F.Paste F.Mask) (roundrect_rratio 0.25)
      (net 1 +3V3))
    (model ${KISYS3DMOD}/Capacitor_SMD.3dshapes/C_0805_2012Metric.wrl
      (at (xyz 0 0 0))
      (scale (xyz 1 1 1))
      (rotate (xyz 0 0 0))
    )
  )

  (module Capacitor_SMD:C_0805_2012Metric (layer F.Cu) (tedit 5B36C52B) (tstamp 5C4CC407)
    (at 76.350001 118.170001)
    (descr "Capacitor SMD 0805 (2012 Metric), square (rectangular) end terminal, IPC_7351 nominal, (Body size source: https://docs.google.com/spreadsheets/d/1BsfQQcO9C6DZCsRaXUlFlo91Tg2WpOkGARC1WS5S8t0/edit?usp=sharing), generated with kicad-footprint-generator")
    (tags capacitor)
    (path /5C505A11)
    (attr smd)
    (fp_text reference C3 (at 0 -1.65) (layer F.SilkS)
      (effects (font (size 1 1) (thickness 0.15)))
    )
    (fp_text value 0.1u (at 0 1.65) (layer F.Fab)
      (effects (font (size 1 1) (thickness 0.15)))
    )
    (fp_line (start -1 0.6) (end -1 -0.6) (layer F.Fab) (width 0.1))
    (fp_line (start -1 -0.6) (end 1 -0.6) (layer F.Fab) (width 0.1))
    (fp_line (start 1 -0.6) (end 1 0.6) (layer F.Fab) (width 0.1))
    (fp_line (start 1 0.6) (end -1 0.6) (layer F.Fab) (width 0.1))
    (fp_line (start -0.258578 -0.71) (end 0.258578 -0.71) (layer F.SilkS) (width 0.12))
    (fp_line (start -0.258578 0.71) (end 0.258578 0.71) (layer F.SilkS) (width 0.12))
    (fp_line (start -1.68 0.95) (end -1.68 -0.95) (layer F.CrtYd) (width 0.05))
    (fp_line (start -1.68 -0.95) (end 1.68 -0.95) (layer F.CrtYd) (width 0.05))
    (fp_line (start 1.68 -0.95) (end 1.68 0.95) (layer F.CrtYd) (width 0.05))
    (fp_line (start 1.68 0.95) (end -1.68 0.95) (layer F.CrtYd) (width 0.05))
    (fp_text user %R (at 0 0) (layer F.Fab)
      (effects (font (size 0.5 0.5) (thickness 0.08)))
    )
    (pad 1 smd roundrect (at -0.9375 0) (size 0.975 1.4) (layers F.Cu F.Paste F.Mask) (roundrect_rratio 0.25)
      (net 4 "Net-(C3-Pad1)"))
    (pad 2 smd roundrect (at 0.9375 0) (size 0.975 1.4) (layers F.Cu F.Paste F.Mask) (roundrect_rratio 0.25)
      (net 1 +3V3))
    (model ${KISYS3DMOD}/Capacitor_SMD.3dshapes/C_0805_2012Metric.wrl
      (at (xyz 0 0 0))
      (scale (xyz 1 1 1))
      (rotate (xyz 0 0 0))
    )
  )

  (module Capacitor_SMD:C_0805_2012Metric (layer F.Cu) (tedit 5B36C52B) (tstamp 5C4CC418)
    (at 85.170001 118.170001)
    (descr "Capacitor SMD 0805 (2012 Metric), square (rectangular) end terminal, IPC_7351 nominal, (Body size source: https://docs.google.com/spreadsheets/d/1BsfQQcO9C6DZCsRaXUlFlo91Tg2WpOkGARC1WS5S8t0/edit?usp=sharing), generated with kicad-footprint-generator")
    (tags capacitor)
    (path /5C46116C)
    (attr smd)
    (fp_text reference C4 (at 0 -1.65) (layer F.SilkS)
      (effects (font (size 1 1) (thickness 0.15)))
    )
    (fp_text value 10u (at 0 1.65) (layer F.Fab)
      (effects (font (size 1 1) (thickness 0.15)))
    )
    (fp_text user %R (at 0 0) (layer F.Fab)
      (effects (font (size 0.5 0.5) (thickness 0.08)))
    )
    (fp_line (start 1.68 0.95) (end -1.68 0.95) (layer F.CrtYd) (width 0.05))
    (fp_line (start 1.68 -0.95) (end 1.68 0.95) (layer F.CrtYd) (width 0.05))
    (fp_line (start -1.68 -0.95) (end 1.68 -0.95) (layer F.CrtYd) (width 0.05))
    (fp_line (start -1.68 0.95) (end -1.68 -0.95) (layer F.CrtYd) (width 0.05))
    (fp_line (start -0.258578 0.71) (end 0.258578 0.71) (layer F.SilkS) (width 0.12))
    (fp_line (start -0.258578 -0.71) (end 0.258578 -0.71) (layer F.SilkS) (width 0.12))
    (fp_line (start 1 0.6) (end -1 0.6) (layer F.Fab) (width 0.1))
    (fp_line (start 1 -0.6) (end 1 0.6) (layer F.Fab) (width 0.1))
    (fp_line (start -1 -0.6) (end 1 -0.6) (layer F.Fab) (width 0.1))
    (fp_line (start -1 0.6) (end -1 -0.6) (layer F.Fab) (width 0.1))
    (pad 2 smd roundrect (at 0.9375 0) (size 0.975 1.4) (layers F.Cu F.Paste F.Mask) (roundrect_rratio 0.25)
      (net 1 +3V3))
    (pad 1 smd roundrect (at -0.9375 0) (size 0.975 1.4) (layers F.Cu F.Paste F.Mask) (roundrect_rratio 0.25)
      (net 1 +3V3))
    (model ${KISYS3DMOD}/Capacitor_SMD.3dshapes/C_0805_2012Metric.wrl
      (at (xyz 0 0 0))
      (scale (xyz 1 1 1))
      (rotate (xyz 0 0 0))
    )
  )

  (module Capacitor_SMD:C_0805_2012Metric (layer F.Cu) (tedit 5B36C52B) (tstamp 5C4CC429)
    (at 101.020001 100.670001)
    (descr "Capacitor SMD 0805 (2012 Metric), square (rectangular) end terminal, IPC_7351 nominal, (Body size source: https://docs.google.com/spreadsheets/d/1BsfQQcO9C6DZCsRaXUlFlo91Tg2WpOkGARC1WS5S8t0/edit?usp=sharing), generated with kicad-footprint-generator")
    (tags capacitor)
    (path /5C463E98)
    (attr smd)
    (fp_text reference C5 (at 0 -1.65) (layer F.SilkS)
      (effects (font (size 1 1) (thickness 0.15)))
    )
    (fp_text value 10u (at 0 1.65) (layer F.Fab)
      (effects (font (size 1 1) (thickness 0.15)))
    )
    (fp_text user %R (at 0 0) (layer F.Fab)
      (effects (font (size 0.5 0.5) (thickness 0.08)))
    )
    (fp_line (start 1.68 0.95) (end -1.68 0.95) (layer F.CrtYd) (width 0.05))
    (fp_line (start 1.68 -0.95) (end 1.68 0.95) (layer F.CrtYd) (width 0.05))
    (fp_line (start -1.68 -0.95) (end 1.68 -0.95) (layer F.CrtYd) (width 0.05))
    (fp_line (start -1.68 0.95) (end -1.68 -0.95) (layer F.CrtYd) (width 0.05))
    (fp_line (start -0.258578 0.71) (end 0.258578 0.71) (layer F.SilkS) (width 0.12))
    (fp_line (start -0.258578 -0.71) (end 0.258578 -0.71) (layer F.SilkS) (width 0.12))
    (fp_line (start 1 0.6) (end -1 0.6) (layer F.Fab) (width 0.1))
    (fp_line (start 1 -0.6) (end 1 0.6) (layer F.Fab) (width 0.1))
    (fp_line (start -1 -0.6) (end 1 -0.6) (layer F.Fab) (width 0.1))
    (fp_line (start -1 0.6) (end -1 -0.6) (layer F.Fab) (width 0.1))
    (pad 2 smd roundrect (at 0.9375 0) (size 0.975 1.4) (layers F.Cu F.Paste F.Mask) (roundrect_rratio 0.25)
      (net 1 +3V3))
    (pad 1 smd roundrect (at -0.9375 0) (size 0.975 1.4) (layers F.Cu F.Paste F.Mask) (roundrect_rratio 0.25)
      (net 1 +3V3))
    (model ${KISYS3DMOD}/Capacitor_SMD.3dshapes/C_0805_2012Metric.wrl
      (at (xyz 0 0 0))
      (scale (xyz 1 1 1))
      (rotate (xyz 0 0 0))
    )
  )

  (module Capacitor_SMD:C_0805_2012Metric (layer F.Cu) (tedit 5B36C52B) (tstamp 5C4CC43A)
    (at 90.610001 110.370001)
    (descr "Capacitor SMD 0805 (2012 Metric), square (rectangular) end terminal, IPC_7351 nominal, (Body size source: https://docs.google.com/spreadsheets/d/1BsfQQcO9C6DZCsRaXUlFlo91Tg2WpOkGARC1WS5S8t0/edit?usp=sharing), generated with kicad-footprint-generator")
    (tags capacitor)
    (path /5C48D06A)
    (attr smd)
    (fp_text reference C6 (at 0 -1.65) (layer F.SilkS)
      (effects (font (size 1 1) (thickness 0.15)))
    )
    (fp_text value 4.7u (at 0 1.65) (layer F.Fab)
      (effects (font (size 1 1) (thickness 0.15)))
    )
    (fp_text user %R (at 0 0) (layer F.Fab)
      (effects (font (size 0.5 0.5) (thickness 0.08)))
    )
    (fp_line (start 1.68 0.95) (end -1.68 0.95) (layer F.CrtYd) (width 0.05))
    (fp_line (start 1.68 -0.95) (end 1.68 0.95) (layer F.CrtYd) (width 0.05))
    (fp_line (start -1.68 -0.95) (end 1.68 -0.95) (layer F.CrtYd) (width 0.05))
    (fp_line (start -1.68 0.95) (end -1.68 -0.95) (layer F.CrtYd) (width 0.05))
    (fp_line (start -0.258578 0.71) (end 0.258578 0.71) (layer F.SilkS) (width 0.12))
    (fp_line (start -0.258578 -0.71) (end 0.258578 -0.71) (layer F.SilkS) (width 0.12))
    (fp_line (start 1 0.6) (end -1 0.6) (layer F.Fab) (width 0.1))
    (fp_line (start 1 -0.6) (end 1 0.6) (layer F.Fab) (width 0.1))
    (fp_line (start -1 -0.6) (end 1 -0.6) (layer F.Fab) (width 0.1))
    (fp_line (start -1 0.6) (end -1 -0.6) (layer F.Fab) (width 0.1))
    (pad 2 smd roundrect (at 0.9375 0) (size 0.975 1.4) (layers F.Cu F.Paste F.Mask) (roundrect_rratio 0.25)
      (net 1 +3V3))
    (pad 1 smd roundrect (at -0.9375 0) (size 0.975 1.4) (layers F.Cu F.Paste F.Mask) (roundrect_rratio 0.25)
      (net 5 "Net-(C6-Pad1)"))
    (model ${KISYS3DMOD}/Capacitor_SMD.3dshapes/C_0805_2012Metric.wrl
      (at (xyz 0 0 0))
      (scale (xyz 1 1 1))
      (rotate (xyz 0 0 0))
    )
  )

  (module Capacitor_SMD:C_0805_2012Metric (layer F.Cu) (tedit 5B36C52B) (tstamp 5C4CC44B)
    (at 95.060001 106.570001)
    (descr "Capacitor SMD 0805 (2012 Metric), square (rectangular) end terminal, IPC_7351 nominal, (Body size source: https://docs.google.com/spreadsheets/d/1BsfQQcO9C6DZCsRaXUlFlo91Tg2WpOkGARC1WS5S8t0/edit?usp=sharing), generated with kicad-footprint-generator")
    (tags capacitor)
    (path /5C46712E)
    (attr smd)
    (fp_text reference C7 (at 0 -1.65) (layer F.SilkS)
      (effects (font (size 1 1) (thickness 0.15)))
    )
    (fp_text value 10u (at 0 1.65) (layer F.Fab)
      (effects (font (size 1 1) (thickness 0.15)))
    )
    (fp_line (start -1 0.6) (end -1 -0.6) (layer F.Fab) (width 0.1))
    (fp_line (start -1 -0.6) (end 1 -0.6) (layer F.Fab) (width 0.1))
    (fp_line (start 1 -0.6) (end 1 0.6) (layer F.Fab) (width 0.1))
    (fp_line (start 1 0.6) (end -1 0.6) (layer F.Fab) (width 0.1))
    (fp_line (start -0.258578 -0.71) (end 0.258578 -0.71) (layer F.SilkS) (width 0.12))
    (fp_line (start -0.258578 0.71) (end 0.258578 0.71) (layer F.SilkS) (width 0.12))
    (fp_line (start -1.68 0.95) (end -1.68 -0.95) (layer F.CrtYd) (width 0.05))
    (fp_line (start -1.68 -0.95) (end 1.68 -0.95) (layer F.CrtYd) (width 0.05))
    (fp_line (start 1.68 -0.95) (end 1.68 0.95) (layer F.CrtYd) (width 0.05))
    (fp_line (start 1.68 0.95) (end -1.68 0.95) (layer F.CrtYd) (width 0.05))
    (fp_text user %R (at 0 0) (layer F.Fab)
      (effects (font (size 0.5 0.5) (thickness 0.08)))
    )
    (pad 1 smd roundrect (at -0.9375 0) (size 0.975 1.4) (layers F.Cu F.Paste F.Mask) (roundrect_rratio 0.25)
      (net 1 +3V3))
    (pad 2 smd roundrect (at 0.9375 0) (size 0.975 1.4) (layers F.Cu F.Paste F.Mask) (roundrect_rratio 0.25)
      (net 1 +3V3))
    (model ${KISYS3DMOD}/Capacitor_SMD.3dshapes/C_0805_2012Metric.wrl
      (at (xyz 0 0 0))
      (scale (xyz 1 1 1))
      (rotate (xyz 0 0 0))
    )
  )

  (module Capacitor_SMD:C_0805_2012Metric (layer F.Cu) (tedit 5B36C52B) (tstamp 5C4CC45C)
    (at 80.760001 121.120001)
    (descr "Capacitor SMD 0805 (2012 Metric), square (rectangular) end terminal, IPC_7351 nominal, (Body size source: https://docs.google.com/spreadsheets/d/1BsfQQcO9C6DZCsRaXUlFlo91Tg2WpOkGARC1WS5S8t0/edit?usp=sharing), generated with kicad-footprint-generator")
    (tags capacitor)
    (path /5C48CB00)
    (attr smd)
    (fp_text reference C8 (at 0 -1.65) (layer F.SilkS)
      (effects (font (size 1 1) (thickness 0.15)))
    )
    (fp_text value 0.1u (at 0 1.65) (layer F.Fab)
      (effects (font (size 1 1) (thickness 0.15)))
    )
    (fp_line (start -1 0.6) (end -1 -0.6) (layer F.Fab) (width 0.1))
    (fp_line (start -1 -0.6) (end 1 -0.6) (layer F.Fab) (width 0.1))
    (fp_line (start 1 -0.6) (end 1 0.6) (layer F.Fab) (width 0.1))
    (fp_line (start 1 0.6) (end -1 0.6) (layer F.Fab) (width 0.1))
    (fp_line (start -0.258578 -0.71) (end 0.258578 -0.71) (layer F.SilkS) (width 0.12))
    (fp_line (start -0.258578 0.71) (end 0.258578 0.71) (layer F.SilkS) (width 0.12))
    (fp_line (start -1.68 0.95) (end -1.68 -0.95) (layer F.CrtYd) (width 0.05))
    (fp_line (start -1.68 -0.95) (end 1.68 -0.95) (layer F.CrtYd) (width 0.05))
    (fp_line (start 1.68 -0.95) (end 1.68 0.95) (layer F.CrtYd) (width 0.05))
    (fp_line (start 1.68 0.95) (end -1.68 0.95) (layer F.CrtYd) (width 0.05))
    (fp_text user %R (at 0 0) (layer F.Fab)
      (effects (font (size 0.5 0.5) (thickness 0.08)))
    )
    (pad 1 smd roundrect (at -0.9375 0) (size 0.975 1.4) (layers F.Cu F.Paste F.Mask) (roundrect_rratio 0.25)
      (net 5 "Net-(C6-Pad1)"))
    (pad 2 smd roundrect (at 0.9375 0) (size 0.975 1.4) (layers F.Cu F.Paste F.Mask) (roundrect_rratio 0.25)
      (net 1 +3V3))
    (model ${KISYS3DMOD}/Capacitor_SMD.3dshapes/C_0805_2012Metric.wrl
      (at (xyz 0 0 0))
      (scale (xyz 1 1 1))
      (rotate (xyz 0 0 0))
    )
  )

  (module Capacitor_SMD:C_0805_2012Metric (layer F.Cu) (tedit 5B36C52B) (tstamp 5C4CC46D)
    (at 85.600001 113.410001)
    (descr "Capacitor SMD 0805 (2012 Metric), square (rectangular) end terminal, IPC_7351 nominal, (Body size source: https://docs.google.com/spreadsheets/d/1BsfQQcO9C6DZCsRaXUlFlo91Tg2WpOkGARC1WS5S8t0/edit?usp=sharing), generated with kicad-footprint-generator")
    (tags capacitor)
    (path /5C467B14)
    (attr smd)
    (fp_text reference C9 (at 0 -1.65) (layer F.SilkS)
      (effects (font (size 1 1) (thickness 0.15)))
    )
    (fp_text value 10u (at 0 1.65) (layer F.Fab)
      (effects (font (size 1 1) (thickness 0.15)))
    )
    (fp_line (start -1 0.6) (end -1 -0.6) (layer F.Fab) (width 0.1))
    (fp_line (start -1 -0.6) (end 1 -0.6) (layer F.Fab) (width 0.1))
    (fp_line (start 1 -0.6) (end 1 0.6) (layer F.Fab) (width 0.1))
    (fp_line (start 1 0.6) (end -1 0.6) (layer F.Fab) (width 0.1))
    (fp_line (start -0.258578 -0.71) (end 0.258578 -0.71) (layer F.SilkS) (width 0.12))
    (fp_line (start -0.258578 0.71) (end 0.258578 0.71) (layer F.SilkS) (width 0.12))
    (fp_line (start -1.68 0.95) (end -1.68 -0.95) (layer F.CrtYd) (width 0.05))
    (fp_line (start -1.68 -0.95) (end 1.68 -0.95) (layer F.CrtYd) (width 0.05))
    (fp_line (start 1.68 -0.95) (end 1.68 0.95) (layer F.CrtYd) (width 0.05))
    (fp_line (start 1.68 0.95) (end -1.68 0.95) (layer F.CrtYd) (width 0.05))
    (fp_text user %R (at 0 0) (layer F.Fab)
      (effects (font (size 0.5 0.5) (thickness 0.08)))
    )
    (pad 1 smd roundrect (at -0.9375 0) (size 0.975 1.4) (layers F.Cu F.Paste F.Mask) (roundrect_rratio 0.25)
      (net 1 +3V3))
    (pad 2 smd roundrect (at 0.9375 0) (size 0.975 1.4) (layers F.Cu F.Paste F.Mask) (roundrect_rratio 0.25)
      (net 1 +3V3))
    (model ${KISYS3DMOD}/Capacitor_SMD.3dshapes/C_0805_2012Metric.wrl
      (at (xyz 0 0 0))
      (scale (xyz 1 1 1))
      (rotate (xyz 0 0 0))
    )
  )

  (module Capacitor_SMD:C_0805_2012Metric (layer F.Cu) (tedit 5B36C52B) (tstamp 5C4CC47E)
    (at 95.060001 109.520001)
    (descr "Capacitor SMD 0805 (2012 Metric), square (rectangular) end terminal, IPC_7351 nominal, (Body size source: https://docs.google.com/spreadsheets/d/1BsfQQcO9C6DZCsRaXUlFlo91Tg2WpOkGARC1WS5S8t0/edit?usp=sharing), generated with kicad-footprint-generator")
    (tags capacitor)
    (path /5C464CC6)
    (attr smd)
    (fp_text reference C10 (at 0 -1.65) (layer F.SilkS)
      (effects (font (size 1 1) (thickness 0.15)))
    )
    (fp_text value 3u (at 0 1.65) (layer F.Fab)
      (effects (font (size 1 1) (thickness 0.15)))
    )
    (fp_text user %R (at 0 0) (layer F.Fab)
      (effects (font (size 0.5 0.5) (thickness 0.08)))
    )
    (fp_line (start 1.68 0.95) (end -1.68 0.95) (layer F.CrtYd) (width 0.05))
    (fp_line (start 1.68 -0.95) (end 1.68 0.95) (layer F.CrtYd) (width 0.05))
    (fp_line (start -1.68 -0.95) (end 1.68 -0.95) (layer F.CrtYd) (width 0.05))
    (fp_line (start -1.68 0.95) (end -1.68 -0.95) (layer F.CrtYd) (width 0.05))
